16.0
26.0
26.0
22.0
15.0
21.0
36.0
23.0
18.0
12.0
12.0
34.0
14.0
19.0
23.0
13.0
13.0
40.0
16.0
10.0
11.0
12.0
21.0
11.0
13.0
10.0
42.0
15.0
13.0
59.0
9.0
35.0
10.0
19.0
18.0
12.0
17.0
28.0
21.0
18.0
19.0
29.0
37.0
9.0
15.0
13.0
9.0
12.0
14.0
17.0
8.0
10.0
12.0
22.0
20.0
13.0
12.0
56.0
21.0
16.0
20.0
23.0
14.0
15.0
38.0
8.0
14.0
20.0
37.0
13.0
18.0
33.0
40.0
13.0
15.0
12.0
19.0
13.0
14.0
26.0
20.0
11.0
17.0
19.0
18.0
18.0
12.0
10.0
11.0
25.0
14.0
14.0
12.0
37.0
14.0
16.0
14.0
14.0
31.0
35.0
9.0
14.0
9.0
23.0
9.0
14.0
16.0
19.0
58.0
25.0
23.0
24.0
18.0
48.0
16.0
10.0
35.0
18.0
9.0
12.0
12.0
9.0
14.0
14.0
19.0
15.0
10.0
22.0
20.0
35.0
10.0
17.0
18.0
13.0
15.0
46.0
13.0
26.0
18.0
18.0
19.0
23.0
19.0
17.0
31.0
11.0
17.0
10.0
12.0
20.0
12.0
22.0
26.0
21.0
15.0
18.0
24.0
38.0
16.0
12.0
28.0
9.0
13.0
16.0
19.0
15.0
25.0
15.0
17.0
16.0
36.0
10.0
19.0
46.0
13.0
11.0
14.0
13.0
20.0
13.0
34.0
15.0
12.0
27.0
27.0
16.0
11.0
41.0
12.0
14.0
14.0
10.0
15.0
10.0
57.0
12.0
38.0
14.0
21.0
10.0
9.0
12.0
13.0
15.0
25.0
15.0
19.0
15.0
13.0
12.0
11.0
9.0
25.0
21.0
17.0
18.0
29.0
18.0
26.0
26.0
31.0
18.0
29.0
12.0
28.0
15.0
22.0
35.0
39.0
56.0
19.0
16.0
20.0
26.0
22.0
13.0
24.0
14.0
27.0
14.0
30.0
23.0
22.0
17.0
14.0
18.0
17.0
48.0
37.0
43.0
17.0
16.0
65.0
44.0
32.0
37.0
62.0
24.0
27.0
20.0
53.0
27.0
22.0
65.0
30.0
34.0
32.0
24.0
47.0
42.0
40.0
24.0
61.0
24.0
24.0
33.0
27.0
40.0
47.0
34.0
42.0
22.0
35.0
97.0
42.0
46.0
40.0
35.0
49.0
56.0
32.0
37.0
34.0
42.0
44.0
52.0
30.0
40.0
53.0
44.0
42.0
52.0
29.0
32.0
47.0
63.0
43.0
32.0
39.0
46.0
31.0
37.0
28.0
38.0
23.0
22.0
48.0
70.0
78.0
39.0
28.0
59.0
32.0
44.0
90.0
33.0
36.0
95.0
148.0
46.0
44.0
53.0
50.0
66.0
65.0
78.0
98.0
38.0
43.0
200.0
74.0
90.0
66.0
119.0
68.0
51.0
100.0
42.0
93.0
37.0
64.0
52.0
64.0
62.0
96.0
65.0
62.0
67.0
68.0
65.0
143.0
67.0
78.0
46.0
157.0
74.0
102.0
79.0
87.0
109.0
69.0
77.0
59.0
115.0
81.0
98.0
103.0
55.0
69.0
65.0
141.0
168.0
123.0
84.0
89.0
158.0
200.0
96.0
169.0
67.0
55.0
127.0
108.0
109.0
143.0
62.0
63.0
77.0
92.0
67.0
102.0
65.0
88.0
64.0
61.0
74.0
61.0
82.0
110.0
59.0
85.0
76.0
90.0
48.0
81.0
78.0
77.0
66.0
55.0
70.0
71.0
79.0
79.0
73.0
71.0
75.0
53.0
72.0
53.0
69.0
73.0
64.0
79.0
69.0
76.0
55.0
68.0
83.0
97.0
101.0
58.0
96.0
91.0
77.0
75.0
76.0
73.0
77.0
78.0
56.0
55.0
50.0
77.0
58.0
76.0
78.0
64.0
70.0
75.0
82.0
82.0
73.0
70.0
87.0
92.0
69.0
106.0
83.0
132.0
83.0
99.0
89.0
77.0
84.0
87.0
81.0
77.0
116.0
76.0
83.0
71.0
105.0
82.0
77.0
78.0
95.0
82.0
111.0
108.0
98.0
98.0
96.0
77.0
103.0
81.0
86.0
92.0
96.0
90.0
95.0
72.0
99.0
91.0
80.0
89.0
115.0
64.0
122.0
128.0
101.0
94.0
135.0
98.0
105.0
111.0
136.0
104.0
105.0
133.0
108.0
122.0
112.0
95.0
111.0
97.0
82.0
86.0
111.0
103.0
107.0
200.0
178.0
120.0
152.0
121.0
84.0
87.0
166.0
105.0
126.0
200.0
160.0
125.0
159.0
108.0
131.0
104.0
160.0
116.0
158.0
191.0
200.0
200.0
200.0
143.0
119.0
200.0
114.0
101.0
120.0
139.0
194.0
158.0
200.0
127.0
147.0
123.0
146.0
177.0
143.0
200.0
200.0
200.0
194.0
200.0
200.0
200.0
200.0
170.0
195.0
172.0
200.0
200.0
193.0
142.0
200.0
159.0
200.0
200.0
141.0
172.0
200.0
200.0
190.0
200.0
142.0
200.0
183.0
200.0
200.0
200.0
137.0
144.0
184.0
200.0
177.0
200.0
174.0
191.0
178.0
152.0
130.0
123.0
142.0
193.0
158.0
154.0
200.0
200.0
134.0
194.0
153.0
163.0
169.0
135.0
145.0
109.0
104.0
145.0
113.0
143.0
135.0
103.0
117.0
129.0
114.0
127.0
139.0
124.0
129.0
163.0
125.0
168.0
155.0
154.0
133.0
109.0
153.0
118.0
138.0
122.0
136.0
119.0
127.0
129.0
118.0
132.0
145.0
133.0
130.0
128.0
106.0
121.0
126.0
126.0
123.0
111.0
145.0
119.0
120.0
136.0
142.0
124.0
116.0
142.0
117.0
140.0
145.0
137.0
200.0
142.0
127.0
143.0
137.0
151.0
136.0
145.0
169.0
139.0
135.0
143.0
148.0
162.0
158.0
188.0
155.0
177.0
156.0
157.0
164.0
159.0
180.0
180.0
197.0
158.0
178.0
153.0
184.0
177.0
151.0
190.0
191.0
200.0
200.0
187.0
200.0
200.0
200.0
200.0
200.0
200.0
188.0
193.0
200.0
200.0
200.0
200.0
200.0
200.0
200.0
200.0
200.0
200.0
112.0
200.0
200.0
200.0
200.0
186.0
200.0
200.0
200.0
200.0
200.0
200.0
200.0
200.0
200.0
200.0
200.0
200.0
200.0
200.0
200.0
200.0
200.0
200.0
200.0
200.0
200.0
200.0
200.0
200.0
200.0
200.0
200.0
200.0
200.0
200.0
200.0
200.0
200.0
200.0
200.0
200.0
200.0
200.0
200.0
200.0
200.0
200.0
200.0
200.0
200.0
200.0
200.0
200.0
200.0
200.0
200.0
200.0
200.0
200.0
200.0
200.0
200.0
200.0
200.0
200.0
200.0
200.0
200.0
200.0
200.0
200.0
200.0
200.0
200.0
200.0
200.0
200.0
200.0
200.0
200.0
200.0
200.0
200.0
200.0
200.0
200.0
200.0
200.0
200.0
200.0
200.0
200.0
200.0
200.0
200.0
200.0
200.0
200.0
200.0
200.0
200.0
200.0
200.0
200.0
200.0
200.0
200.0
200.0
200.0
200.0
200.0
200.0
200.0
200.0
200.0
200.0
200.0
200.0
200.0
200.0
200.0
200.0
200.0
200.0
200.0
200.0
200.0
200.0
200.0
200.0
200.0
200.0
200.0
200.0
200.0
200.0
200.0
200.0
200.0
200.0
200.0
200.0
200.0
200.0
200.0
200.0
200.0
200.0
200.0
200.0
200.0
200.0
200.0
200.0
200.0
200.0
200.0
200.0
200.0
200.0
200.0
200.0
200.0
200.0
200.0
200.0
200.0
200.0
200.0
200.0
200.0
200.0
200.0
200.0
200.0
200.0
200.0
200.0
200.0
200.0
200.0
200.0
200.0
200.0
200.0
200.0
200.0
200.0
200.0
200.0
200.0
200.0
200.0
200.0
200.0
200.0
200.0
200.0
200.0
200.0
200.0
200.0
200.0
200.0
200.0
200.0
200.0
200.0
200.0
200.0
200.0
200.0
200.0
200.0
200.0
200.0
200.0
200.0
200.0
200.0
200.0
200.0
200.0
200.0
200.0
200.0
200.0
200.0
200.0
200.0
200.0
200.0
200.0
200.0
200.0
200.0
200.0
200.0
200.0
200.0
200.0
200.0
200.0
200.0
200.0
200.0
200.0
200.0
200.0
200.0
200.0
200.0
200.0
200.0
200.0
200.0
200.0
200.0
200.0
200.0
200.0
200.0
200.0
200.0
200.0
200.0
200.0
200.0
200.0
200.0
200.0
200.0
200.0
200.0
200.0
200.0
200.0
200.0
200.0
200.0
200.0
200.0
200.0
200.0
200.0
200.0
200.0
200.0
200.0
200.0
200.0
200.0
200.0
200.0
200.0
200.0
200.0
200.0
200.0
200.0
200.0
200.0
200.0
200.0
200.0
200.0
200.0
200.0
200.0
200.0
200.0
200.0
200.0
200.0
200.0
200.0
200.0
200.0
200.0
200.0
200.0
200.0
200.0
200.0
200.0
200.0
200.0
200.0
200.0
200.0
200.0
200.0
200.0
200.0
200.0
200.0
200.0
200.0
200.0
200.0
200.0
200.0
200.0
200.0
200.0
200.0
200.0
200.0
200.0
200.0
200.0
200.0
200.0
200.0
200.0
200.0
200.0
200.0
200.0
200.0
200.0
200.0
200.0
200.0
200.0
200.0
200.0
200.0
200.0
200.0
200.0
200.0
200.0
200.0
200.0
200.0
200.0
200.0
200.0
200.0
200.0
200.0
200.0
200.0
200.0
200.0
200.0
200.0
200.0
200.0
200.0
200.0
200.0
200.0
200.0
200.0
200.0
200.0
200.0
200.0
200.0
200.0
200.0
200.0
200.0
200.0
200.0
200.0
200.0
200.0
200.0
200.0
200.0
200.0
200.0
200.0
200.0
200.0
200.0
200.0
200.0
200.0
200.0
200.0
200.0
200.0
200.0
200.0
200.0
200.0
200.0
200.0
200.0
200.0
200.0
200.0
200.0
200.0
200.0
200.0
200.0
200.0
200.0
200.0
200.0
200.0
200.0
200.0
200.0
200.0
200.0
200.0
200.0
200.0
200.0
200.0
200.0
200.0
200.0
200.0
200.0
200.0
200.0
200.0
200.0
200.0
200.0
200.0
200.0
200.0
200.0
200.0
200.0
200.0
200.0
200.0
200.0
200.0
200.0
200.0
200.0
200.0
200.0
200.0
200.0
200.0
200.0
200.0
200.0
200.0
200.0
200.0
200.0
200.0
200.0
200.0
200.0
200.0
200.0
200.0
200.0
200.0
200.0
200.0
200.0
200.0
200.0
200.0
200.0
200.0
200.0
200.0
200.0
200.0
200.0
200.0
200.0
200.0
200.0
200.0
200.0
200.0
200.0
200.0
200.0
200.0
200.0
200.0
200.0
200.0
200.0
200.0
200.0
200.0
200.0
200.0
200.0
200.0
200.0
200.0
200.0
200.0
200.0
200.0
200.0
200.0
200.0
200.0
200.0
200.0
200.0
200.0
200.0
200.0
200.0
200.0
200.0
200.0
200.0
200.0
200.0
200.0
200.0
200.0
200.0
200.0
200.0
200.0
200.0
200.0
200.0
200.0
200.0
200.0
200.0
200.0
200.0
200.0
200.0
200.0
200.0
200.0
200.0
200.0
200.0
200.0
200.0
200.0
200.0
200.0
200.0
200.0
200.0
200.0
200.0
200.0
200.0
200.0
200.0
200.0
200.0
200.0
200.0
200.0
200.0
200.0
200.0
200.0
200.0
200.0
200.0
200.0
200.0
200.0
200.0
200.0
200.0
200.0
200.0
200.0
200.0
200.0
200.0
200.0
200.0
200.0
200.0
200.0
200.0
200.0
200.0
200.0
200.0
200.0
200.0
200.0
200.0
200.0
200.0
200.0
200.0
200.0
200.0
200.0
200.0
200.0
200.0
200.0
200.0
200.0
200.0
200.0
200.0
200.0
200.0
200.0
200.0
200.0
200.0
200.0
200.0
200.0
200.0
200.0
200.0
200.0
200.0
200.0
200.0
200.0
200.0
200.0
200.0
200.0
200.0
200.0
200.0
200.0
200.0
200.0
200.0
200.0
200.0
200.0
200.0
200.0
200.0
200.0
200.0
200.0
200.0
200.0
200.0
200.0
200.0
200.0
200.0
200.0
200.0
200.0
200.0
200.0
200.0
200.0
200.0
200.0
200.0
200.0
200.0
200.0
200.0
200.0
200.0
200.0
200.0
200.0
200.0
200.0
200.0
200.0
200.0
200.0
200.0
200.0
200.0
200.0
200.0
200.0
200.0
200.0
200.0
200.0
200.0
200.0
200.0
200.0
200.0
200.0
200.0
200.0
200.0
200.0
200.0
200.0
200.0
200.0
200.0
200.0
200.0
200.0
200.0
200.0
200.0
200.0
200.0
200.0
200.0
200.0
200.0
200.0
200.0
200.0
200.0
200.0
200.0
200.0
200.0
200.0
200.0
200.0
200.0
200.0
200.0
200.0
200.0
200.0
200.0
200.0
200.0
200.0
200.0
200.0
200.0
200.0
200.0
200.0
200.0
200.0
200.0
200.0
200.0
200.0
200.0
200.0
200.0
200.0
200.0
200.0
200.0
200.0
200.0
200.0
200.0
200.0
200.0
200.0
200.0
200.0
200.0
200.0
200.0
200.0
200.0
200.0
200.0
200.0
200.0
200.0
200.0
200.0
200.0
200.0
200.0
200.0
200.0
200.0
200.0
200.0
200.0
200.0
200.0
200.0
200.0
200.0
200.0
200.0
200.0
200.0
200.0
200.0
200.0
200.0
200.0
200.0
200.0
200.0
200.0
200.0
200.0
200.0
200.0
200.0
200.0
200.0
200.0
200.0
200.0
200.0
200.0
200.0
200.0
200.0
200.0
200.0
200.0
200.0
200.0
200.0
200.0
200.0
200.0
200.0
200.0
200.0
200.0
200.0
200.0
200.0
200.0
200.0
200.0
200.0
200.0
200.0
200.0
200.0
200.0
200.0
200.0
200.0
200.0
200.0
200.0
200.0
200.0
200.0
200.0
200.0
200.0
200.0
200.0
200.0
200.0
200.0
200.0
200.0
200.0
200.0
200.0
200.0
200.0
200.0
200.0
200.0
200.0
200.0
200.0
200.0
200.0
200.0
200.0
200.0
200.0
200.0
200.0
200.0
200.0
200.0
200.0
200.0
200.0
200.0
200.0
200.0
200.0
200.0
200.0
200.0
200.0
200.0
200.0
200.0
200.0
200.0
200.0
200.0
200.0
200.0
200.0
200.0
200.0
200.0
200.0
200.0
200.0
200.0
200.0
200.0
200.0
200.0
200.0
200.0
200.0
200.0
200.0
200.0
200.0
200.0
200.0
200.0
200.0
200.0
200.0
200.0
200.0
200.0
200.0
200.0
200.0
200.0
200.0
200.0
200.0
200.0
200.0
200.0
200.0
200.0
200.0
200.0
200.0
200.0
200.0
200.0
200.0
200.0
200.0
200.0
200.0
200.0
200.0
200.0
200.0
200.0
200.0
200.0
200.0
200.0
200.0
200.0
200.0
200.0
200.0
200.0
200.0
200.0
200.0
200.0
200.0
200.0
200.0
200.0
200.0
200.0
200.0
200.0
200.0
200.0
200.0
200.0
200.0
200.0
200.0
200.0
200.0
200.0
200.0
200.0
200.0
200.0
200.0
200.0
200.0
200.0
200.0
200.0
200.0
200.0
200.0
200.0
200.0
200.0
200.0
200.0
200.0
200.0
200.0
200.0
200.0
200.0
200.0
200.0
200.0
200.0
200.0
200.0
200.0
200.0
200.0
200.0
200.0
200.0
200.0
200.0
200.0
200.0
200.0
200.0
200.0
200.0
200.0
200.0
200.0
200.0
200.0
200.0
200.0
200.0
200.0
200.0
200.0
200.0
200.0
200.0
200.0
200.0
200.0
200.0
200.0
200.0
200.0
200.0
200.0
200.0
200.0
200.0
200.0
200.0
200.0
200.0
200.0
200.0
200.0
200.0
200.0
200.0
200.0
200.0
200.0
200.0
200.0
200.0
200.0
200.0
200.0
200.0
200.0
200.0
200.0
200.0
200.0
200.0
200.0
200.0
200.0
200.0
200.0
200.0
200.0
200.0
200.0
200.0
200.0
200.0
200.0
200.0
200.0
200.0
200.0
200.0
200.0
200.0
200.0
200.0
200.0
200.0
200.0
200.0
200.0
200.0
200.0
200.0
200.0
200.0
200.0
200.0
200.0
200.0
200.0
200.0
200.0
200.0
200.0
200.0
200.0
200.0
200.0
200.0
200.0
200.0
200.0
200.0
200.0
200.0
200.0
200.0
200.0
200.0
200.0
200.0
200.0
200.0
200.0
200.0
200.0
200.0
200.0
200.0
200.0
200.0
200.0
200.0
200.0
200.0
200.0
200.0
200.0
200.0
200.0
200.0
200.0
200.0
200.0
200.0
200.0
200.0
200.0
200.0
200.0
200.0
200.0
200.0
200.0
200.0
200.0
200.0
200.0
200.0
200.0
200.0
200.0
200.0
200.0
200.0
200.0
200.0
200.0
200.0
200.0
200.0
200.0
200.0
200.0
200.0
200.0
200.0
200.0
200.0
200.0
200.0
200.0
200.0
200.0
200.0
200.0
200.0
200.0
200.0
200.0
200.0
200.0
200.0
200.0
200.0
200.0
200.0
