47.0
27.0
35.0
18.0
54.0
24.0
16.0
15.0
32.0
28.0
25.0
18.0
38.0
38.0
24.0
22.0
23.0
47.0
44.0
34.0
31.0
17.0
31.0
13.0
25.0
11.0
29.0
43.0
33.0
20.0
34.0
10.0
13.0
41.0
53.0
40.0
16.0
13.0
18.0
12.0
26.0
26.0
18.0
16.0
23.0
18.0
21.0
11.0
27.0
8.0
11.0
13.0
14.0
13.0
24.0
14.0
30.0
13.0
17.0
14.0
9.0
16.0
28.0
12.0
14.0
16.0
24.0
12.0
62.0
21.0
39.0
47.0
10.0
12.0
27.0
14.0
16.0
26.0
10.0
14.0
20.0
17.0
12.0
9.0
23.0
14.0
21.0
19.0
17.0
30.0
28.0
17.0
20.0
26.0
22.0
24.0
23.0
10.0
15.0
64.0
28.0
12.0
15.0
50.0
19.0
16.0
22.0
23.0
12.0
40.0
13.0
13.0
17.0
14.0
17.0
9.0
12.0
15.0
40.0
13.0
8.0
30.0
16.0
15.0
47.0
13.0
23.0
15.0
29.0
15.0
12.0
12.0
27.0
10.0
11.0
15.0
14.0
12.0
20.0
19.0
13.0
26.0
36.0
17.0
44.0
24.0
17.0
13.0
27.0
24.0
60.0
13.0
20.0
24.0
28.0
16.0
14.0
13.0
12.0
15.0
43.0
20.0
15.0
61.0
18.0
49.0
19.0
12.0
22.0
29.0
21.0
14.0
11.0
29.0
25.0
15.0
22.0
11.0
34.0
14.0
16.0
35.0
44.0
38.0
50.0
64.0
65.0
36.0
11.0
9.0
18.0
29.0
29.0
21.0
22.0
76.0
66.0
68.0
38.0
10.0
55.0
18.0
26.0
41.0
41.0
13.0
40.0
13.0
11.0
27.0
25.0
26.0
52.0
82.0
22.0
24.0
36.0
21.0
35.0
16.0
38.0
45.0
23.0
48.0
15.0
13.0
76.0
25.0
28.0
53.0
20.0
39.0
22.0
21.0
20.0
46.0
13.0
40.0
23.0
52.0
24.0
29.0
26.0
53.0
81.0
55.0
112.0
119.0
33.0
45.0
43.0
82.0
40.0
27.0
49.0
38.0
68.0
25.0
61.0
59.0
74.0
93.0
80.0
40.0
93.0
54.0
99.0
35.0
42.0
111.0
78.0
72.0
123.0
59.0
90.0
84.0
57.0
64.0
48.0
49.0
79.0
110.0
67.0
56.0
88.0
75.0
90.0
57.0
87.0
96.0
111.0
44.0
87.0
83.0
47.0
96.0
159.0
56.0
84.0
73.0
67.0
73.0
105.0
114.0
138.0
85.0
63.0
122.0
44.0
41.0
37.0
51.0
34.0
58.0
40.0
51.0
46.0
42.0
43.0
50.0
61.0
50.0
73.0
52.0
78.0
59.0
54.0
60.0
40.0
61.0
56.0
92.0
57.0
57.0
80.0
93.0
60.0
103.0
71.0
89.0
49.0
51.0
68.0
125.0
105.0
100.0
118.0
160.0
80.0
156.0
90.0
117.0
125.0
134.0
175.0
109.0
200.0
140.0
151.0
200.0
146.0
165.0
190.0
135.0
200.0
200.0
200.0
200.0
200.0
200.0
200.0
200.0
174.0
196.0
139.0
200.0
200.0
200.0
200.0
200.0
156.0
200.0
149.0
184.0
200.0
200.0
200.0
200.0
200.0
150.0
200.0
200.0
200.0
168.0
162.0
200.0
168.0
177.0
150.0
149.0
193.0
167.0
167.0
180.0
140.0
146.0
196.0
139.0
132.0
174.0
159.0
149.0
132.0
169.0
166.0
141.0
163.0
134.0
145.0
138.0
200.0
162.0
126.0
171.0
141.0
139.0
164.0
159.0
163.0
194.0
156.0
162.0
137.0
198.0
126.0
121.0
143.0
140.0
142.0
137.0
154.0
182.0
144.0
200.0
200.0
200.0
134.0
200.0
175.0
179.0
200.0
149.0
132.0
159.0
132.0
200.0
125.0
152.0
189.0
143.0
184.0
200.0
200.0
138.0
164.0
200.0
200.0
200.0
200.0
200.0
200.0
200.0
200.0
200.0
200.0
200.0
177.0
200.0
200.0
200.0
200.0
200.0
200.0
190.0
158.0
200.0
200.0
200.0
200.0
200.0
199.0
200.0
200.0
197.0
186.0
189.0
157.0
176.0
200.0
200.0
200.0
200.0
200.0
188.0
200.0
200.0
187.0
200.0
163.0
200.0
200.0
200.0
200.0
200.0
200.0
200.0
177.0
200.0
200.0
167.0
198.0
200.0
188.0
163.0
200.0
200.0
200.0
170.0
193.0
200.0
184.0
200.0
200.0
189.0
200.0
200.0
200.0
200.0
200.0
200.0
200.0
200.0
200.0
200.0
183.0
200.0
172.0
173.0
200.0
171.0
200.0
200.0
200.0
149.0
200.0
200.0
200.0
200.0
200.0
177.0
200.0
200.0
200.0
200.0
200.0
184.0
200.0
200.0
200.0
177.0
200.0
200.0
157.0
200.0
200.0
200.0
177.0
200.0
195.0
200.0
196.0
200.0
200.0
131.0
139.0
200.0
200.0
200.0
200.0
200.0
139.0
154.0
147.0
173.0
200.0
200.0
200.0
200.0
200.0
167.0
196.0
200.0
200.0
131.0
146.0
200.0
200.0
200.0
176.0
154.0
166.0
200.0
200.0
200.0
200.0
200.0
200.0
200.0
200.0
169.0
190.0
138.0
200.0
200.0
200.0
200.0
154.0
195.0
200.0
175.0
199.0
167.0
163.0
200.0
200.0
200.0
200.0
200.0
200.0
200.0
200.0
200.0
200.0
142.0
200.0
144.0
200.0
198.0
200.0
200.0
200.0
200.0
200.0
200.0
200.0
200.0
200.0
200.0
200.0
194.0
200.0
200.0
200.0
200.0
200.0
200.0
200.0
200.0
200.0
183.0
200.0
200.0
200.0
189.0
169.0
200.0
200.0
200.0
200.0
200.0
200.0
200.0
200.0
183.0
190.0
167.0
168.0
163.0
179.0
165.0
180.0
200.0
200.0
200.0
176.0
198.0
200.0
200.0
200.0
199.0
194.0
200.0
182.0
165.0
177.0
200.0
200.0
200.0
200.0
200.0
200.0
200.0
200.0
200.0
200.0
200.0
200.0
200.0
200.0
200.0
200.0
200.0
200.0
200.0
200.0
200.0
200.0
200.0
200.0
200.0
200.0
200.0
200.0
200.0
200.0
200.0
200.0
200.0
200.0
200.0
200.0
200.0
200.0
200.0
200.0
200.0
200.0
200.0
200.0
200.0
200.0
200.0
200.0
200.0
200.0
200.0
200.0
200.0
200.0
200.0
200.0
200.0
200.0
200.0
200.0
200.0
200.0
200.0
200.0
200.0
200.0
200.0
200.0
200.0
200.0
200.0
200.0
200.0
200.0
200.0
200.0
200.0
200.0
200.0
200.0
200.0
200.0
200.0
200.0
200.0
200.0
200.0
200.0
200.0
200.0
200.0
200.0
200.0
200.0
200.0
200.0
200.0
200.0
200.0
200.0
200.0
200.0
200.0
200.0
200.0
200.0
200.0
200.0
200.0
200.0
200.0
200.0
200.0
200.0
200.0
200.0
200.0
200.0
200.0
200.0
200.0
200.0
200.0
200.0
200.0
200.0
200.0
200.0
200.0
200.0
200.0
200.0
200.0
200.0
200.0
200.0
200.0
200.0
200.0
200.0
200.0
200.0
200.0
200.0
200.0
200.0
200.0
200.0
200.0
200.0
200.0
200.0
200.0
200.0
200.0
200.0
200.0
200.0
200.0
200.0
200.0
200.0
200.0
200.0
200.0
200.0
200.0
200.0
200.0
200.0
200.0
200.0
200.0
200.0
200.0
200.0
200.0
200.0
200.0
200.0
200.0
200.0
200.0
200.0
200.0
200.0
200.0
200.0
200.0
200.0
200.0
200.0
200.0
200.0
200.0
200.0
200.0
200.0
200.0
200.0
200.0
200.0
200.0
200.0
200.0
200.0
200.0
200.0
200.0
200.0
200.0
200.0
200.0
200.0
200.0
200.0
200.0
200.0
200.0
200.0
200.0
200.0
200.0
200.0
200.0
200.0
200.0
200.0
200.0
200.0
200.0
200.0
200.0
200.0
200.0
200.0
200.0
200.0
200.0
200.0
200.0
200.0
200.0
200.0
200.0
200.0
200.0
200.0
200.0
200.0
200.0
200.0
200.0
200.0
200.0
200.0
200.0
200.0
200.0
200.0
200.0
200.0
200.0
200.0
200.0
200.0
200.0
200.0
200.0
200.0
200.0
200.0
200.0
200.0
200.0
200.0
200.0
200.0
200.0
200.0
200.0
200.0
200.0
200.0
200.0
200.0
200.0
200.0
200.0
200.0
200.0
200.0
200.0
200.0
200.0
200.0
200.0
200.0
200.0
200.0
200.0
200.0
200.0
200.0
200.0
200.0
200.0
200.0
200.0
200.0
200.0
200.0
200.0
200.0
200.0
200.0
200.0
200.0
200.0
200.0
200.0
200.0
200.0
200.0
200.0
200.0
200.0
200.0
200.0
200.0
200.0
200.0
200.0
200.0
200.0
200.0
200.0
200.0
200.0
200.0
200.0
200.0
200.0
200.0
200.0
200.0
200.0
200.0
200.0
200.0
200.0
200.0
200.0
200.0
200.0
200.0
200.0
200.0
200.0
200.0
200.0
200.0
200.0
200.0
200.0
200.0
200.0
200.0
200.0
200.0
200.0
200.0
200.0
200.0
200.0
200.0
200.0
200.0
200.0
200.0
200.0
200.0
200.0
200.0
200.0
200.0
200.0
200.0
200.0
200.0
200.0
200.0
200.0
200.0
200.0
200.0
200.0
200.0
200.0
200.0
200.0
200.0
200.0
200.0
200.0
200.0
200.0
200.0
200.0
200.0
200.0
200.0
200.0
200.0
200.0
200.0
200.0
200.0
200.0
200.0
200.0
200.0
200.0
200.0
200.0
200.0
200.0
200.0
200.0
200.0
200.0
200.0
200.0
200.0
200.0
200.0
200.0
200.0
200.0
200.0
200.0
200.0
200.0
200.0
200.0
200.0
200.0
200.0
200.0
200.0
200.0
200.0
200.0
200.0
200.0
200.0
200.0
200.0
200.0
200.0
200.0
200.0
200.0
200.0
200.0
200.0
200.0
200.0
200.0
200.0
200.0
200.0
200.0
200.0
200.0
200.0
200.0
200.0
200.0
200.0
200.0
200.0
200.0
200.0
200.0
200.0
200.0
200.0
200.0
200.0
200.0
200.0
200.0
200.0
200.0
200.0
200.0
200.0
200.0
200.0
200.0
200.0
200.0
200.0
200.0
200.0
200.0
200.0
200.0
200.0
200.0
200.0
200.0
200.0
200.0
200.0
200.0
200.0
200.0
200.0
200.0
200.0
200.0
200.0
200.0
200.0
200.0
200.0
200.0
200.0
200.0
200.0
200.0
200.0
200.0
200.0
200.0
200.0
200.0
200.0
200.0
200.0
200.0
200.0
200.0
200.0
200.0
200.0
200.0
200.0
200.0
200.0
200.0
200.0
200.0
200.0
200.0
200.0
200.0
200.0
200.0
200.0
200.0
200.0
200.0
200.0
200.0
200.0
200.0
200.0
200.0
200.0
200.0
200.0
200.0
200.0
200.0
200.0
200.0
200.0
200.0
200.0
200.0
200.0
200.0
200.0
200.0
200.0
200.0
200.0
200.0
200.0
200.0
200.0
200.0
200.0
200.0
200.0
200.0
200.0
200.0
200.0
200.0
200.0
200.0
200.0
200.0
200.0
200.0
200.0
200.0
200.0
200.0
200.0
200.0
200.0
200.0
200.0
200.0
200.0
200.0
200.0
200.0
200.0
200.0
200.0
200.0
200.0
200.0
200.0
200.0
200.0
200.0
200.0
200.0
200.0
200.0
200.0
200.0
200.0
200.0
200.0
200.0
200.0
200.0
200.0
200.0
200.0
200.0
200.0
200.0
200.0
200.0
200.0
200.0
200.0
200.0
200.0
200.0
200.0
200.0
200.0
200.0
200.0
200.0
200.0
200.0
200.0
200.0
200.0
200.0
200.0
200.0
200.0
200.0
200.0
200.0
200.0
200.0
200.0
200.0
200.0
200.0
200.0
200.0
200.0
200.0
200.0
200.0
200.0
200.0
200.0
200.0
200.0
200.0
200.0
200.0
200.0
200.0
200.0
200.0
200.0
200.0
200.0
200.0
200.0
200.0
200.0
200.0
200.0
200.0
200.0
200.0
200.0
200.0
200.0
200.0
200.0
200.0
200.0
200.0
200.0
200.0
200.0
200.0
200.0
200.0
200.0
200.0
200.0
200.0
200.0
200.0
200.0
200.0
200.0
200.0
200.0
200.0
200.0
200.0
200.0
200.0
200.0
200.0
200.0
200.0
200.0
200.0
200.0
200.0
200.0
200.0
200.0
200.0
200.0
200.0
200.0
200.0
200.0
200.0
200.0
200.0
200.0
200.0
200.0
200.0
200.0
200.0
200.0
200.0
200.0
200.0
200.0
200.0
200.0
200.0
200.0
200.0
200.0
200.0
200.0
200.0
200.0
200.0
200.0
200.0
200.0
200.0
200.0
200.0
200.0
200.0
200.0
200.0
200.0
200.0
200.0
200.0
200.0
200.0
200.0
200.0
200.0
200.0
200.0
200.0
200.0
200.0
200.0
200.0
200.0
200.0
200.0
200.0
200.0
200.0
200.0
200.0
200.0
200.0
200.0
200.0
200.0
200.0
200.0
200.0
200.0
200.0
200.0
200.0
200.0
200.0
200.0
200.0
200.0
200.0
200.0
200.0
200.0
200.0
200.0
200.0
200.0
200.0
200.0
200.0
200.0
200.0
200.0
200.0
200.0
200.0
200.0
200.0
200.0
200.0
200.0
200.0
200.0
200.0
200.0
200.0
200.0
200.0
200.0
200.0
200.0
200.0
200.0
200.0
200.0
200.0
200.0
200.0
200.0
200.0
200.0
200.0
200.0
200.0
200.0
200.0
200.0
200.0
200.0
200.0
200.0
200.0
200.0
200.0
200.0
200.0
200.0
200.0
200.0
200.0
200.0
200.0
200.0
200.0
200.0
200.0
200.0
200.0
200.0
200.0
200.0
200.0
200.0
200.0
200.0
200.0
200.0
200.0
200.0
200.0
200.0
200.0
200.0
200.0
200.0
200.0
200.0
200.0
200.0
200.0
200.0
200.0
200.0
200.0
200.0
200.0
200.0
200.0
200.0
200.0
200.0
200.0
200.0
200.0
200.0
200.0
200.0
200.0
200.0
200.0
200.0
200.0
200.0
200.0
200.0
200.0
200.0
200.0
200.0
200.0
200.0
200.0
200.0
200.0
200.0
200.0
200.0
200.0
200.0
200.0
200.0
200.0
200.0
200.0
200.0
200.0
200.0
200.0
200.0
200.0
200.0
200.0
200.0
200.0
200.0
200.0
200.0
200.0
200.0
200.0
200.0
200.0
200.0
200.0
200.0
200.0
200.0
200.0
200.0
200.0
200.0
200.0
200.0
200.0
200.0
200.0
200.0
200.0
200.0
200.0
200.0
200.0
200.0
200.0
200.0
200.0
200.0
200.0
200.0
200.0
200.0
200.0
200.0
200.0
200.0
200.0
200.0
200.0
200.0
200.0
200.0
200.0
200.0
200.0
200.0
200.0
200.0
200.0
200.0
200.0
200.0
200.0
200.0
200.0
200.0
200.0
200.0
200.0
200.0
200.0
200.0
200.0
200.0
200.0
200.0
200.0
200.0
200.0
200.0
200.0
200.0
200.0
200.0
200.0
200.0
200.0
200.0
200.0
200.0
200.0
200.0
200.0
200.0
200.0
200.0
200.0
200.0
200.0
200.0
200.0
200.0
200.0
200.0
200.0
200.0
200.0
200.0
200.0
200.0
200.0
200.0
200.0
200.0
200.0
200.0
200.0
200.0
200.0
200.0
200.0
200.0
200.0
200.0
200.0
200.0
200.0
200.0
200.0
200.0
200.0
200.0
200.0
200.0
200.0
200.0
200.0
200.0
200.0
200.0
200.0
200.0
200.0
200.0
200.0
200.0
200.0
200.0
200.0
200.0
200.0
200.0
200.0
200.0
200.0
200.0
200.0
200.0
200.0
200.0
200.0
200.0
200.0
200.0
200.0
200.0
200.0
200.0
200.0
200.0
200.0
200.0
200.0
200.0
200.0
200.0
200.0
200.0
200.0
200.0
200.0
200.0
200.0
200.0
200.0
200.0
200.0
200.0
200.0
200.0
200.0
200.0
200.0
200.0
200.0
200.0
200.0
200.0
200.0
200.0
200.0
200.0
200.0
200.0
200.0
200.0
200.0
200.0
200.0
200.0
200.0
200.0
200.0
200.0
200.0
200.0
200.0
200.0
200.0
200.0
200.0
200.0
200.0
200.0
200.0
200.0
200.0
200.0
200.0
200.0
200.0
200.0
200.0
200.0
200.0
200.0
200.0
200.0
200.0
200.0
200.0
200.0
200.0
200.0
200.0
200.0
200.0
200.0
200.0
200.0
200.0
200.0
200.0
200.0
200.0
200.0
200.0
200.0
200.0
200.0
200.0
200.0
200.0
200.0
200.0
200.0
200.0
200.0
200.0
200.0
200.0
200.0
200.0
200.0
200.0
200.0
200.0
200.0
200.0
200.0
200.0
200.0
200.0
200.0
200.0
200.0
200.0
200.0
200.0
200.0
200.0
200.0
200.0
200.0
200.0
200.0
200.0
200.0
200.0
200.0
200.0
200.0
200.0
200.0
200.0
200.0
200.0
200.0
200.0
200.0
200.0
200.0
200.0
200.0
200.0
200.0
200.0
200.0
200.0
