13.0
31.0
18.0
14.0
20.0
41.0
16.0
20.0
16.0
13.0
27.0
19.0
26.0
12.0
12.0
19.0
13.0
16.0
13.0
27.0
20.0
24.0
18.0
48.0
26.0
26.0
23.0
16.0
32.0
20.0
15.0
11.0
31.0
12.0
21.0
26.0
11.0
16.0
19.0
18.0
17.0
14.0
22.0
46.0
13.0
13.0
34.0
17.0
13.0
34.0
15.0
32.0
13.0
12.0
17.0
39.0
16.0
32.0
20.0
39.0
25.0
25.0
21.0
18.0
26.0
18.0
18.0
10.0
28.0
28.0
15.0
13.0
13.0
28.0
14.0
30.0
14.0
55.0
10.0
13.0
18.0
15.0
27.0
17.0
11.0
64.0
28.0
68.0
10.0
10.0
12.0
19.0
22.0
19.0
27.0
52.0
17.0
12.0
22.0
10.0
12.0
21.0
14.0
41.0
13.0
26.0
15.0
19.0
13.0
13.0
14.0
11.0
10.0
34.0
10.0
15.0
28.0
13.0
15.0
11.0
14.0
19.0
19.0
15.0
15.0
19.0
19.0
43.0
13.0
23.0
11.0
18.0
21.0
11.0
13.0
35.0
25.0
9.0
10.0
30.0
24.0
26.0
28.0
18.0
19.0
12.0
28.0
40.0
36.0
11.0
56.0
13.0
10.0
11.0
16.0
52.0
13.0
17.0
14.0
10.0
26.0
19.0
18.0
21.0
15.0
23.0
24.0
30.0
11.0
20.0
15.0
28.0
51.0
14.0
10.0
17.0
13.0
40.0
17.0
17.0
12.0
26.0
26.0
14.0
24.0
27.0
13.0
12.0
18.0
10.0
18.0
34.0
14.0
15.0
22.0
29.0
27.0
24.0
14.0
17.0
22.0
26.0
20.0
22.0
11.0
12.0
78.0
47.0
19.0
16.0
12.0
16.0
25.0
30.0
62.0
31.0
12.0
19.0
20.0
18.0
9.0
16.0
15.0
29.0
21.0
36.0
11.0
29.0
22.0
20.0
12.0
35.0
13.0
18.0
17.0
14.0
31.0
52.0
38.0
68.0
41.0
22.0
19.0
29.0
57.0
21.0
25.0
20.0
32.0
22.0
33.0
59.0
36.0
31.0
29.0
32.0
30.0
31.0
54.0
51.0
24.0
73.0
35.0
34.0
24.0
21.0
28.0
27.0
15.0
50.0
29.0
55.0
24.0
21.0
57.0
24.0
47.0
26.0
40.0
36.0
33.0
42.0
98.0
26.0
63.0
28.0
57.0
70.0
26.0
47.0
19.0
62.0
121.0
15.0
147.0
49.0
51.0
54.0
69.0
42.0
55.0
64.0
72.0
54.0
45.0
35.0
39.0
93.0
81.0
81.0
45.0
73.0
94.0
72.0
77.0
59.0
82.0
162.0
54.0
87.0
50.0
76.0
82.0
126.0
83.0
138.0
63.0
50.0
57.0
49.0
61.0
75.0
39.0
61.0
73.0
139.0
49.0
84.0
73.0
59.0
66.0
53.0
53.0
85.0
59.0
71.0
70.0
84.0
55.0
66.0
62.0
128.0
66.0
55.0
104.0
116.0
111.0
95.0
81.0
48.0
97.0
72.0
169.0
70.0
93.0
54.0
83.0
90.0
80.0
71.0
108.0
130.0
108.0
95.0
71.0
103.0
122.0
75.0
106.0
115.0
99.0
116.0
72.0
90.0
200.0
110.0
89.0
80.0
167.0
97.0
77.0
58.0
75.0
90.0
57.0
86.0
99.0
87.0
87.0
82.0
92.0
104.0
82.0
83.0
69.0
75.0
85.0
84.0
74.0
92.0
88.0
86.0
74.0
103.0
89.0
101.0
91.0
114.0
94.0
110.0
99.0
111.0
71.0
79.0
111.0
89.0
105.0
85.0
90.0
90.0
123.0
104.0
128.0
106.0
93.0
141.0
115.0
109.0
104.0
140.0
111.0
118.0
110.0
127.0
87.0
111.0
125.0
120.0
120.0
102.0
117.0
101.0
102.0
116.0
151.0
119.0
101.0
117.0
117.0
118.0
115.0
94.0
101.0
105.0
97.0
101.0
96.0
94.0
102.0
124.0
144.0
194.0
123.0
156.0
123.0
116.0
114.0
112.0
103.0
103.0
114.0
112.0
105.0
109.0
111.0
132.0
122.0
119.0
113.0
120.0
130.0
118.0
131.0
151.0
129.0
138.0
136.0
147.0
134.0
152.0
165.0
165.0
122.0
200.0
116.0
153.0
200.0
162.0
200.0
200.0
200.0
157.0
192.0
200.0
200.0
200.0
138.0
200.0
200.0
138.0
200.0
134.0
200.0
200.0
174.0
200.0
156.0
172.0
200.0
148.0
124.0
179.0
161.0
200.0
140.0
200.0
167.0
200.0
200.0
200.0
200.0
167.0
138.0
185.0
200.0
156.0
200.0
166.0
200.0
138.0
145.0
157.0
175.0
200.0
170.0
148.0
153.0
187.0
141.0
196.0
110.0
136.0
200.0
108.0
200.0
200.0
200.0
200.0
200.0
141.0
157.0
200.0
190.0
200.0
200.0
200.0
126.0
142.0
200.0
200.0
200.0
192.0
165.0
200.0
200.0
196.0
141.0
200.0
200.0
130.0
200.0
126.0
198.0
193.0
158.0
126.0
200.0
200.0
127.0
132.0
151.0
163.0
143.0
184.0
200.0
200.0
200.0
170.0
200.0
161.0
181.0
200.0
200.0
148.0
200.0
173.0
200.0
191.0
154.0
200.0
150.0
166.0
137.0
153.0
200.0
200.0
150.0
182.0
200.0
200.0
132.0
179.0
200.0
200.0
149.0
139.0
173.0
200.0
200.0
200.0
164.0
133.0
134.0
168.0
200.0
200.0
200.0
155.0
200.0
183.0
196.0
200.0
197.0
200.0
200.0
200.0
200.0
195.0
200.0
200.0
200.0
200.0
200.0
184.0
152.0
178.0
153.0
131.0
150.0
121.0
129.0
140.0
200.0
152.0
166.0
200.0
131.0
200.0
151.0
156.0
117.0
200.0
191.0
146.0
186.0
143.0
150.0
178.0
161.0
130.0
151.0
157.0
130.0
155.0
141.0
163.0
137.0
164.0
200.0
159.0
178.0
163.0
152.0
178.0
150.0
200.0
180.0
200.0
159.0
163.0
173.0
200.0
200.0
163.0
183.0
123.0
147.0
200.0
166.0
161.0
137.0
154.0
135.0
158.0
142.0
131.0
178.0
200.0
192.0
199.0
200.0
200.0
200.0
200.0
190.0
200.0
200.0
200.0
200.0
200.0
194.0
185.0
200.0
200.0
200.0
200.0
199.0
200.0
200.0
200.0
187.0
200.0
200.0
190.0
193.0
200.0
200.0
200.0
200.0
200.0
200.0
200.0
200.0
200.0
200.0
200.0
200.0
200.0
200.0
200.0
200.0
200.0
200.0
200.0
200.0
200.0
200.0
200.0
200.0
200.0
200.0
200.0
200.0
200.0
200.0
200.0
200.0
200.0
200.0
200.0
200.0
200.0
200.0
200.0
200.0
200.0
200.0
200.0
200.0
200.0
200.0
200.0
200.0
200.0
200.0
200.0
200.0
200.0
200.0
200.0
200.0
200.0
200.0
200.0
200.0
200.0
200.0
200.0
200.0
200.0
200.0
200.0
200.0
200.0
200.0
200.0
200.0
200.0
200.0
200.0
200.0
200.0
200.0
200.0
200.0
200.0
200.0
200.0
200.0
200.0
200.0
200.0
200.0
200.0
200.0
200.0
200.0
200.0
200.0
200.0
200.0
200.0
200.0
200.0
200.0
200.0
200.0
200.0
200.0
200.0
200.0
200.0
200.0
200.0
200.0
200.0
200.0
200.0
200.0
200.0
200.0
200.0
200.0
200.0
200.0
200.0
200.0
200.0
200.0
200.0
200.0
200.0
200.0
200.0
200.0
200.0
200.0
200.0
200.0
200.0
200.0
200.0
200.0
200.0
200.0
200.0
200.0
200.0
200.0
200.0
200.0
200.0
200.0
200.0
200.0
200.0
200.0
200.0
200.0
200.0
200.0
200.0
200.0
200.0
200.0
200.0
200.0
200.0
200.0
200.0
200.0
200.0
200.0
200.0
200.0
200.0
200.0
200.0
200.0
200.0
200.0
200.0
200.0
200.0
200.0
200.0
200.0
200.0
200.0
200.0
200.0
200.0
200.0
200.0
200.0
200.0
200.0
200.0
200.0
200.0
200.0
200.0
200.0
200.0
200.0
200.0
200.0
200.0
200.0
200.0
200.0
200.0
200.0
200.0
200.0
200.0
200.0
200.0
200.0
200.0
200.0
200.0
200.0
200.0
200.0
200.0
200.0
200.0
200.0
200.0
200.0
200.0
200.0
200.0
200.0
200.0
200.0
200.0
200.0
200.0
200.0
200.0
200.0
200.0
200.0
200.0
200.0
200.0
200.0
200.0
200.0
200.0
200.0
200.0
200.0
200.0
200.0
200.0
200.0
200.0
200.0
200.0
200.0
200.0
200.0
200.0
200.0
200.0
200.0
200.0
200.0
200.0
200.0
200.0
200.0
200.0
200.0
200.0
200.0
200.0
200.0
200.0
200.0
200.0
200.0
200.0
200.0
200.0
200.0
200.0
200.0
200.0
200.0
200.0
200.0
200.0
200.0
200.0
200.0
200.0
200.0
200.0
200.0
200.0
200.0
200.0
200.0
200.0
200.0
200.0
200.0
200.0
200.0
200.0
200.0
200.0
200.0
200.0
200.0
200.0
200.0
200.0
200.0
200.0
200.0
200.0
200.0
200.0
200.0
200.0
200.0
200.0
200.0
200.0
200.0
200.0
200.0
200.0
200.0
200.0
200.0
200.0
200.0
200.0
200.0
200.0
200.0
200.0
200.0
200.0
200.0
200.0
200.0
200.0
200.0
200.0
200.0
200.0
200.0
200.0
200.0
200.0
200.0
200.0
200.0
200.0
200.0
200.0
200.0
200.0
200.0
200.0
200.0
200.0
200.0
200.0
200.0
200.0
200.0
200.0
200.0
200.0
200.0
200.0
200.0
200.0
200.0
200.0
200.0
200.0
200.0
200.0
200.0
200.0
200.0
200.0
200.0
200.0
200.0
200.0
200.0
200.0
200.0
200.0
200.0
200.0
200.0
200.0
200.0
200.0
200.0
200.0
200.0
200.0
200.0
200.0
200.0
200.0
200.0
200.0
200.0
200.0
200.0
200.0
200.0
200.0
200.0
200.0
200.0
200.0
200.0
200.0
200.0
200.0
200.0
200.0
200.0
200.0
200.0
200.0
200.0
200.0
200.0
200.0
200.0
200.0
200.0
200.0
200.0
200.0
200.0
200.0
200.0
200.0
200.0
200.0
200.0
200.0
200.0
200.0
200.0
200.0
200.0
200.0
200.0
200.0
200.0
200.0
200.0
200.0
200.0
200.0
200.0
200.0
200.0
200.0
200.0
200.0
200.0
200.0
200.0
200.0
200.0
200.0
200.0
200.0
200.0
200.0
200.0
200.0
200.0
200.0
200.0
200.0
200.0
200.0
200.0
200.0
200.0
200.0
200.0
200.0
200.0
200.0
200.0
200.0
200.0
200.0
200.0
200.0
200.0
200.0
200.0
200.0
200.0
200.0
200.0
200.0
200.0
200.0
200.0
200.0
200.0
200.0
200.0
200.0
200.0
200.0
200.0
200.0
200.0
200.0
200.0
200.0
200.0
200.0
200.0
200.0
200.0
200.0
200.0
200.0
200.0
200.0
200.0
200.0
200.0
200.0
200.0
200.0
200.0
200.0
200.0
200.0
200.0
200.0
200.0
200.0
200.0
200.0
200.0
200.0
200.0
200.0
200.0
200.0
200.0
200.0
200.0
200.0
200.0
200.0
200.0
200.0
200.0
200.0
200.0
200.0
200.0
200.0
200.0
200.0
200.0
200.0
200.0
200.0
200.0
200.0
200.0
200.0
200.0
200.0
200.0
200.0
200.0
200.0
200.0
200.0
200.0
200.0
200.0
200.0
200.0
200.0
200.0
200.0
200.0
200.0
200.0
200.0
200.0
200.0
200.0
200.0
200.0
200.0
200.0
200.0
200.0
200.0
200.0
200.0
200.0
200.0
200.0
200.0
200.0
200.0
200.0
200.0
200.0
200.0
200.0
200.0
200.0
200.0
200.0
200.0
200.0
200.0
200.0
200.0
200.0
200.0
200.0
200.0
200.0
200.0
200.0
200.0
200.0
200.0
200.0
200.0
200.0
200.0
200.0
200.0
200.0
200.0
200.0
200.0
200.0
200.0
200.0
200.0
200.0
200.0
200.0
200.0
200.0
200.0
200.0
200.0
200.0
200.0
200.0
200.0
200.0
200.0
200.0
200.0
200.0
200.0
200.0
200.0
200.0
200.0
200.0
200.0
200.0
200.0
200.0
200.0
200.0
200.0
200.0
200.0
200.0
200.0
200.0
200.0
200.0
200.0
200.0
200.0
200.0
200.0
200.0
200.0
200.0
200.0
200.0
200.0
200.0
200.0
200.0
200.0
200.0
200.0
200.0
200.0
200.0
200.0
200.0
200.0
200.0
200.0
200.0
200.0
200.0
200.0
200.0
200.0
200.0
200.0
200.0
200.0
200.0
200.0
200.0
200.0
200.0
200.0
200.0
200.0
200.0
200.0
200.0
200.0
200.0
200.0
200.0
200.0
200.0
200.0
200.0
200.0
200.0
200.0
200.0
200.0
200.0
200.0
200.0
200.0
200.0
200.0
200.0
200.0
200.0
200.0
200.0
200.0
200.0
200.0
200.0
200.0
200.0
200.0
200.0
200.0
200.0
200.0
200.0
200.0
200.0
200.0
200.0
200.0
200.0
200.0
200.0
200.0
200.0
200.0
200.0
200.0
200.0
200.0
200.0
200.0
200.0
200.0
200.0
200.0
200.0
200.0
200.0
200.0
200.0
200.0
200.0
200.0
200.0
200.0
200.0
200.0
200.0
200.0
200.0
200.0
200.0
200.0
200.0
200.0
200.0
200.0
200.0
200.0
200.0
200.0
200.0
200.0
200.0
200.0
200.0
200.0
200.0
200.0
200.0
200.0
200.0
200.0
200.0
200.0
200.0
200.0
200.0
200.0
200.0
200.0
200.0
200.0
200.0
200.0
200.0
200.0
200.0
200.0
200.0
200.0
200.0
200.0
200.0
200.0
200.0
200.0
200.0
200.0
200.0
200.0
200.0
200.0
200.0
200.0
200.0
200.0
200.0
200.0
200.0
200.0
200.0
200.0
200.0
200.0
200.0
200.0
200.0
200.0
200.0
200.0
200.0
200.0
200.0
200.0
200.0
200.0
200.0
200.0
200.0
200.0
200.0
200.0
200.0
200.0
200.0
200.0
200.0
200.0
200.0
200.0
200.0
200.0
200.0
200.0
200.0
200.0
200.0
200.0
200.0
200.0
200.0
200.0
200.0
200.0
200.0
200.0
200.0
200.0
200.0
200.0
200.0
200.0
200.0
200.0
200.0
200.0
200.0
200.0
200.0
200.0
200.0
200.0
200.0
200.0
200.0
200.0
200.0
200.0
200.0
200.0
200.0
200.0
200.0
200.0
200.0
200.0
200.0
200.0
200.0
200.0
200.0
200.0
200.0
200.0
200.0
200.0
200.0
200.0
200.0
200.0
200.0
200.0
200.0
200.0
200.0
200.0
200.0
200.0
200.0
200.0
200.0
200.0
200.0
200.0
200.0
200.0
200.0
200.0
200.0
200.0
200.0
200.0
200.0
200.0
200.0
200.0
200.0
200.0
200.0
200.0
200.0
200.0
200.0
200.0
200.0
200.0
200.0
200.0
200.0
200.0
200.0
200.0
200.0
200.0
200.0
200.0
200.0
200.0
200.0
200.0
200.0
200.0
200.0
200.0
200.0
200.0
200.0
200.0
200.0
200.0
200.0
200.0
200.0
200.0
200.0
200.0
200.0
200.0
200.0
200.0
200.0
200.0
200.0
200.0
200.0
200.0
200.0
200.0
200.0
200.0
200.0
200.0
200.0
200.0
200.0
200.0
200.0
200.0
200.0
200.0
200.0
200.0
200.0
200.0
200.0
200.0
200.0
200.0
200.0
200.0
200.0
200.0
200.0
200.0
200.0
200.0
200.0
200.0
200.0
200.0
200.0
200.0
200.0
200.0
200.0
200.0
200.0
200.0
200.0
200.0
200.0
200.0
200.0
200.0
200.0
200.0
200.0
200.0
200.0
200.0
200.0
200.0
200.0
200.0
200.0
200.0
200.0
200.0
200.0
200.0
200.0
200.0
200.0
200.0
200.0
200.0
200.0
200.0
200.0
200.0
200.0
200.0
200.0
200.0
200.0
200.0
200.0
200.0
200.0
200.0
200.0
200.0
200.0
200.0
200.0
200.0
200.0
200.0
200.0
200.0
200.0
200.0
200.0
200.0
200.0
200.0
200.0
200.0
200.0
200.0
200.0
200.0
200.0
200.0
200.0
200.0
200.0
200.0
200.0
200.0
200.0
200.0
200.0
200.0
200.0
200.0
200.0
200.0
200.0
200.0
200.0
200.0
200.0
200.0
200.0
200.0
200.0
200.0
200.0
200.0
200.0
200.0
200.0
200.0
200.0
200.0
200.0
200.0
200.0
200.0
200.0
200.0
200.0
200.0
200.0
200.0
200.0
200.0
200.0
200.0
200.0
200.0
200.0
200.0
200.0
200.0
200.0
200.0
200.0
200.0
200.0
200.0
200.0
200.0
200.0
200.0
200.0
200.0
200.0
200.0
200.0
200.0
200.0
200.0
200.0
200.0
200.0
200.0
200.0
200.0
200.0
200.0
200.0
200.0
200.0
200.0
200.0
200.0
200.0
200.0
200.0
200.0
200.0
200.0
200.0
200.0
200.0
200.0
13.0
13.0
23.0
19.0
10.0
11.0
13.0
36.0
9.0
12.0
27.0
37.0
15.0
32.0
12.0
13.0
18.0
22.0
16.0
16.0
34.0
17.0
27.0
29.0
38.0
22.0
33.0
20.0
12.0
25.0
31.0
11.0
22.0
23.0
13.0
15.0
16.0
14.0
17.0
45.0
47.0
16.0
38.0
15.0
24.0
30.0
20.0
14.0
34.0
12.0
23.0
22.0
16.0
11.0
24.0
10.0
39.0
12.0
19.0
28.0
48.0
12.0
14.0
25.0
40.0
24.0
16.0
11.0
21.0
15.0
24.0
19.0
20.0
18.0
13.0
18.0
19.0
21.0
13.0
19.0
16.0
29.0
72.0
14.0
12.0
10.0
17.0
21.0
13.0
81.0
21.0
11.0
21.0
14.0
10.0
11.0
19.0
21.0
23.0
12.0
11.0
16.0
17.0
18.0
14.0
10.0
10.0
19.0
12.0
10.0
12.0
12.0
29.0
21.0
14.0
28.0
15.0
22.0
17.0
13.0
24.0
40.0
10.0
14.0
14.0
16.0
12.0
28.0
10.0
41.0
9.0
15.0
10.0
26.0
8.0
13.0
22.0
29.0
20.0
33.0
15.0
16.0
22.0
9.0
14.0
15.0
19.0
18.0
13.0
12.0
10.0
13.0
18.0
15.0
20.0
22.0
19.0
11.0
16.0
9.0
30.0
16.0
15.0
25.0
12.0
40.0
18.0
9.0
18.0
12.0
11.0
15.0
20.0
19.0
13.0
20.0
27.0
61.0
13.0
34.0
14.0
22.0
17.0
55.0
13.0
14.0
30.0
22.0
28.0
21.0
26.0
29.0
26.0
13.0
16.0
13.0
14.0
23.0
21.0
19.0
59.0
21.0
25.0
22.0
17.0
44.0
26.0
25.0
18.0
35.0
35.0
24.0
34.0
25.0
36.0
95.0
16.0
16.0
17.0
20.0
32.0
34.0
22.0
19.0
64.0
23.0
32.0
59.0
21.0
23.0
40.0
17.0
12.0
26.0
39.0
32.0
20.0
29.0
28.0
18.0
20.0
27.0
48.0
33.0
28.0
30.0
19.0
25.0
21.0
24.0
22.0
22.0
25.0
53.0
34.0
31.0
25.0
31.0
22.0
21.0
12.0
26.0
20.0
22.0
25.0
21.0
47.0
33.0
19.0
29.0
36.0
25.0
45.0
33.0
37.0
23.0
25.0
33.0
31.0
30.0
46.0
48.0
55.0
36.0
23.0
23.0
18.0
21.0
27.0
22.0
27.0
17.0
33.0
27.0
16.0
26.0
15.0
29.0
31.0
30.0
29.0
29.0
28.0
36.0
71.0
36.0
38.0
42.0
51.0
45.0
33.0
31.0
32.0
33.0
38.0
45.0
74.0
38.0
39.0
34.0
38.0
42.0
33.0
32.0
22.0
29.0
63.0
44.0
61.0
48.0
65.0
51.0
40.0
41.0
65.0
76.0
53.0
42.0
37.0
37.0
59.0
44.0
59.0
40.0
107.0
48.0
45.0
77.0
93.0
49.0
92.0
61.0
87.0
56.0
53.0
66.0
77.0
70.0
63.0
86.0
81.0
105.0
89.0
62.0
55.0
119.0
162.0
121.0
68.0
123.0
78.0
114.0
137.0
79.0
200.0
200.0
116.0
94.0
154.0
189.0
89.0
157.0
125.0
101.0
106.0
181.0
170.0
197.0
121.0
176.0
174.0
182.0
81.0
86.0
74.0
191.0
91.0
80.0
81.0
105.0
170.0
77.0
102.0
92.0
108.0
128.0
82.0
145.0
104.0
115.0
129.0
156.0
99.0
127.0
115.0
141.0
119.0
154.0
111.0
110.0
109.0
139.0
102.0
110.0
102.0
138.0
117.0
108.0
107.0
134.0
145.0
114.0
116.0
113.0
127.0
101.0
131.0
115.0
104.0
124.0
103.0
112.0
127.0
141.0
155.0
128.0
117.0
137.0
138.0
170.0
152.0
148.0
111.0
106.0
130.0
160.0
131.0
102.0
119.0
128.0
121.0
142.0
124.0
124.0
119.0
123.0
134.0
151.0
108.0
141.0
116.0
136.0
126.0
121.0
118.0
131.0
154.0
123.0
119.0
121.0
129.0
142.0
115.0
128.0
112.0
149.0
160.0
125.0
115.0
124.0
133.0
130.0
127.0
143.0
129.0
128.0
174.0
118.0
113.0
149.0
200.0
158.0
154.0
119.0
188.0
200.0
191.0
140.0
133.0
146.0
145.0
173.0
131.0
176.0
155.0
176.0
144.0
200.0
157.0
133.0
189.0
172.0
200.0
135.0
159.0
172.0
125.0
163.0
155.0
183.0
200.0
200.0
200.0
197.0
200.0
183.0
200.0
200.0
172.0
188.0
200.0
182.0
200.0
200.0
166.0
188.0
200.0
200.0
200.0
176.0
200.0
163.0
200.0
200.0
200.0
180.0
200.0
174.0
200.0
159.0
153.0
178.0
200.0
162.0
148.0
200.0
165.0
180.0
181.0
163.0
171.0
200.0
200.0
200.0
177.0
200.0
145.0
200.0
200.0
200.0
200.0
200.0
200.0
181.0
177.0
200.0
170.0
200.0
163.0
170.0
125.0
165.0
183.0
125.0
154.0
150.0
162.0
136.0
174.0
163.0
174.0
137.0
144.0
141.0
177.0
125.0
132.0
140.0
155.0
157.0
158.0
150.0
157.0
153.0
152.0
156.0
153.0
148.0
145.0
168.0
144.0
152.0
147.0
146.0
159.0
140.0
181.0
200.0
200.0
197.0
166.0
159.0
162.0
158.0
164.0
146.0
193.0
148.0
172.0
181.0
151.0
194.0
179.0
169.0
148.0
147.0
144.0
132.0
172.0
136.0
139.0
168.0
159.0
145.0
136.0
138.0
171.0
137.0
168.0
162.0
156.0
179.0
139.0
138.0
138.0
124.0
196.0
154.0
133.0
183.0
185.0
148.0
200.0
192.0
152.0
168.0
167.0
154.0
170.0
180.0
146.0
162.0
146.0
138.0
140.0
141.0
153.0
170.0
162.0
154.0
199.0
142.0
170.0
157.0
191.0
157.0
176.0
142.0
148.0
163.0
140.0
190.0
140.0
180.0
200.0
185.0
160.0
163.0
141.0
149.0
200.0
185.0
148.0
143.0
148.0
200.0
200.0
187.0
176.0
174.0
174.0
164.0
200.0
189.0
200.0
200.0
182.0
174.0
155.0
200.0
200.0
200.0
200.0
200.0
200.0
200.0
184.0
200.0
146.0
200.0
200.0
200.0
200.0
200.0
200.0
200.0
200.0
200.0
182.0
198.0
200.0
200.0
200.0
200.0
200.0
200.0
200.0
134.0
200.0
200.0
200.0
200.0
200.0
200.0
200.0
200.0
200.0
200.0
191.0
200.0
200.0
200.0
200.0
200.0
200.0
200.0
200.0
200.0
200.0
200.0
200.0
200.0
200.0
200.0
200.0
200.0
200.0
200.0
200.0
200.0
200.0
200.0
200.0
200.0
200.0
200.0
200.0
200.0
200.0
200.0
200.0
200.0
200.0
200.0
200.0
200.0
200.0
200.0
200.0
200.0
200.0
200.0
200.0
200.0
200.0
200.0
200.0
200.0
200.0
200.0
200.0
200.0
200.0
200.0
200.0
200.0
200.0
200.0
200.0
200.0
200.0
200.0
200.0
200.0
200.0
200.0
200.0
200.0
200.0
200.0
200.0
200.0
200.0
200.0
200.0
200.0
200.0
200.0
200.0
200.0
200.0
200.0
200.0
200.0
200.0
200.0
200.0
200.0
200.0
200.0
200.0
200.0
200.0
200.0
200.0
200.0
200.0
200.0
200.0
200.0
200.0
200.0
200.0
200.0
200.0
200.0
200.0
200.0
200.0
200.0
200.0
200.0
200.0
200.0
200.0
200.0
200.0
200.0
200.0
200.0
200.0
200.0
200.0
200.0
200.0
200.0
200.0
200.0
200.0
200.0
200.0
200.0
200.0
200.0
200.0
200.0
200.0
200.0
200.0
200.0
200.0
200.0
200.0
200.0
200.0
200.0
200.0
200.0
200.0
200.0
200.0
200.0
200.0
200.0
200.0
200.0
200.0
200.0
200.0
200.0
200.0
200.0
200.0
200.0
200.0
200.0
200.0
200.0
200.0
200.0
200.0
200.0
200.0
200.0
200.0
200.0
200.0
200.0
200.0
200.0
200.0
200.0
200.0
200.0
200.0
200.0
200.0
200.0
200.0
200.0
200.0
200.0
200.0
200.0
200.0
200.0
200.0
200.0
200.0
200.0
200.0
200.0
200.0
200.0
200.0
200.0
200.0
200.0
200.0
200.0
200.0
200.0
200.0
200.0
200.0
200.0
200.0
200.0
200.0
200.0
200.0
200.0
200.0
200.0
200.0
200.0
200.0
200.0
200.0
200.0
200.0
200.0
200.0
200.0
200.0
200.0
200.0
200.0
200.0
200.0
200.0
200.0
200.0
200.0
200.0
200.0
200.0
200.0
200.0
200.0
200.0
200.0
200.0
200.0
200.0
200.0
200.0
200.0
200.0
200.0
200.0
200.0
200.0
200.0
200.0
200.0
200.0
200.0
200.0
200.0
200.0
200.0
200.0
200.0
200.0
200.0
200.0
200.0
200.0
200.0
200.0
200.0
200.0
200.0
200.0
200.0
200.0
200.0
200.0
200.0
200.0
200.0
200.0
200.0
200.0
200.0
200.0
200.0
200.0
200.0
200.0
200.0
200.0
200.0
200.0
200.0
200.0
200.0
200.0
200.0
200.0
200.0
200.0
200.0
200.0
200.0
200.0
200.0
200.0
200.0
200.0
200.0
200.0
200.0
200.0
200.0
200.0
200.0
200.0
200.0
200.0
200.0
200.0
200.0
200.0
200.0
200.0
200.0
200.0
200.0
200.0
200.0
200.0
200.0
200.0
200.0
200.0
200.0
200.0
200.0
200.0
200.0
200.0
200.0
200.0
200.0
200.0
200.0
200.0
200.0
200.0
200.0
200.0
200.0
200.0
200.0
200.0
200.0
200.0
200.0
200.0
200.0
200.0
200.0
200.0
200.0
200.0
200.0
200.0
200.0
200.0
200.0
200.0
200.0
200.0
200.0
200.0
200.0
200.0
200.0
200.0
200.0
200.0
200.0
200.0
200.0
200.0
200.0
200.0
200.0
200.0
200.0
200.0
200.0
200.0
200.0
200.0
200.0
200.0
200.0
200.0
200.0
200.0
200.0
200.0
200.0
200.0
200.0
200.0
200.0
200.0
200.0
200.0
200.0
200.0
200.0
200.0
200.0
200.0
200.0
200.0
200.0
200.0
200.0
200.0
200.0
200.0
200.0
200.0
200.0
200.0
200.0
200.0
200.0
200.0
200.0
200.0
200.0
200.0
200.0
200.0
200.0
200.0
200.0
200.0
200.0
200.0
200.0
200.0
200.0
200.0
200.0
200.0
200.0
200.0
200.0
200.0
200.0
200.0
200.0
200.0
200.0
200.0
200.0
200.0
200.0
200.0
200.0
200.0
200.0
200.0
200.0
200.0
200.0
200.0
200.0
200.0
200.0
200.0
200.0
200.0
200.0
200.0
200.0
200.0
200.0
200.0
200.0
200.0
200.0
200.0
200.0
200.0
200.0
200.0
200.0
200.0
200.0
200.0
200.0
200.0
200.0
200.0
200.0
200.0
200.0
200.0
200.0
200.0
200.0
200.0
200.0
200.0
200.0
200.0
200.0
200.0
200.0
200.0
200.0
200.0
200.0
200.0
200.0
200.0
200.0
200.0
200.0
200.0
200.0
200.0
200.0
200.0
200.0
200.0
200.0
200.0
200.0
200.0
200.0
200.0
200.0
200.0
200.0
200.0
200.0
200.0
200.0
200.0
200.0
200.0
200.0
200.0
200.0
200.0
200.0
200.0
200.0
200.0
200.0
200.0
200.0
200.0
200.0
200.0
200.0
200.0
200.0
200.0
200.0
200.0
200.0
200.0
200.0
200.0
200.0
200.0
200.0
200.0
200.0
200.0
200.0
200.0
200.0
200.0
200.0
200.0
200.0
200.0
200.0
200.0
200.0
200.0
200.0
200.0
200.0
200.0
200.0
200.0
200.0
200.0
200.0
200.0
200.0
200.0
200.0
200.0
200.0
200.0
200.0
200.0
200.0
200.0
200.0
200.0
200.0
200.0
200.0
200.0
200.0
200.0
200.0
200.0
200.0
200.0
200.0
200.0
200.0
200.0
200.0
200.0
200.0
200.0
200.0
200.0
200.0
200.0
200.0
200.0
200.0
200.0
200.0
200.0
200.0
200.0
200.0
200.0
200.0
200.0
200.0
200.0
200.0
200.0
200.0
200.0
200.0
200.0
200.0
200.0
200.0
200.0
200.0
200.0
200.0
200.0
200.0
200.0
200.0
200.0
200.0
200.0
200.0
200.0
200.0
200.0
200.0
200.0
200.0
200.0
200.0
200.0
200.0
200.0
200.0
200.0
200.0
200.0
200.0
200.0
200.0
200.0
200.0
200.0
200.0
200.0
200.0
200.0
200.0
200.0
200.0
200.0
200.0
200.0
200.0
200.0
200.0
200.0
200.0
200.0
200.0
200.0
200.0
200.0
200.0
200.0
200.0
200.0
200.0
200.0
200.0
200.0
200.0
200.0
200.0
200.0
200.0
200.0
200.0
200.0
200.0
200.0
200.0
200.0
200.0
200.0
200.0
200.0
200.0
200.0
200.0
200.0
200.0
200.0
200.0
200.0
200.0
200.0
200.0
200.0
200.0
200.0
200.0
200.0
200.0
200.0
200.0
200.0
200.0
200.0
200.0
200.0
200.0
200.0
200.0
200.0
200.0
200.0
200.0
200.0
200.0
200.0
200.0
200.0
200.0
200.0
200.0
200.0
200.0
200.0
200.0
200.0
200.0
200.0
200.0
200.0
200.0
200.0
200.0
200.0
200.0
200.0
200.0
200.0
200.0
200.0
200.0
200.0
200.0
200.0
200.0
200.0
200.0
200.0
200.0
200.0
200.0
200.0
200.0
200.0
200.0
200.0
200.0
200.0
200.0
200.0
200.0
200.0
200.0
200.0
200.0
200.0
200.0
200.0
200.0
200.0
200.0
200.0
200.0
200.0
200.0
200.0
200.0
200.0
200.0
200.0
200.0
200.0
200.0
200.0
200.0
200.0
200.0
200.0
200.0
200.0
200.0
200.0
200.0
200.0
200.0
200.0
200.0
200.0
200.0
200.0
200.0
200.0
200.0
200.0
200.0
200.0
200.0
200.0
200.0
200.0
200.0
200.0
200.0
200.0
200.0
200.0
200.0
200.0
200.0
200.0
200.0
200.0
200.0
200.0
200.0
200.0
200.0
200.0
200.0
200.0
200.0
200.0
200.0
200.0
200.0
200.0
200.0
200.0
200.0
200.0
200.0
200.0
200.0
200.0
200.0
200.0
200.0
200.0
200.0
200.0
200.0
200.0
200.0
200.0
200.0
200.0
200.0
200.0
200.0
200.0
200.0
200.0
200.0
200.0
200.0
200.0
200.0
200.0
200.0
200.0
200.0
200.0
200.0
200.0
200.0
200.0
200.0
200.0
200.0
200.0
200.0
200.0
200.0
200.0
200.0
200.0
200.0
200.0
200.0
200.0
200.0
200.0
200.0
200.0
200.0
200.0
200.0
200.0
200.0
200.0
200.0
200.0
200.0
200.0
200.0
200.0
200.0
200.0
200.0
200.0
200.0
200.0
200.0
200.0
200.0
200.0
200.0
200.0
200.0
200.0
200.0
200.0
200.0
200.0
200.0
200.0
200.0
200.0
200.0
200.0
200.0
200.0
200.0
200.0
200.0
200.0
200.0
200.0
200.0
200.0
200.0
200.0
200.0
200.0
200.0
200.0
200.0
200.0
200.0
200.0
200.0
200.0
200.0
200.0
200.0
200.0
200.0
200.0
200.0
200.0
200.0
200.0
200.0
200.0
200.0
200.0
200.0
200.0
200.0
200.0
200.0
200.0
200.0
200.0
200.0
200.0
200.0
200.0
200.0
200.0
200.0
200.0
200.0
200.0
200.0
200.0
200.0
200.0
200.0
200.0
200.0
200.0
200.0
200.0
200.0
200.0
200.0
200.0
200.0
200.0
200.0
200.0
200.0
200.0
200.0
200.0
200.0
200.0
200.0
200.0
200.0
200.0
200.0
200.0
200.0
200.0
200.0
200.0
200.0
200.0
200.0
200.0
200.0
200.0
200.0
200.0
200.0
200.0
200.0
200.0
200.0
200.0
200.0
200.0
200.0
200.0
200.0
200.0
200.0
200.0
200.0
200.0
200.0
200.0
200.0
200.0
200.0
200.0
200.0
200.0
200.0
200.0
200.0
200.0
200.0
200.0
200.0
200.0
200.0
200.0
200.0
200.0
200.0
200.0
200.0
200.0
200.0
200.0
200.0
200.0
200.0
200.0
200.0
200.0
200.0
200.0
200.0
200.0
200.0
200.0
200.0
200.0
200.0
200.0
200.0
200.0
200.0
200.0
200.0
200.0
200.0
200.0
200.0
200.0
200.0
200.0
200.0
200.0
200.0
200.0
200.0
200.0
200.0
200.0
200.0
200.0
200.0
200.0
200.0
200.0
200.0
200.0
200.0
200.0
200.0
200.0
200.0
200.0
200.0
200.0
200.0
200.0
200.0
200.0
200.0
200.0
200.0
200.0
200.0
200.0
200.0
200.0
200.0
200.0
200.0
200.0
200.0
200.0
200.0
200.0
200.0
200.0
200.0
200.0
200.0
200.0
200.0
200.0
200.0
200.0
200.0
200.0
200.0
200.0
200.0
200.0
200.0
200.0
200.0
200.0
200.0
200.0
200.0
200.0
200.0
