22.0
18.0
21.0
12.0
21.0
11.0
31.0
12.0
16.0
12.0
13.0
12.0
27.0
14.0
18.0
17.0
23.0
14.0
15.0
28.0
19.0
20.0
19.0
20.0
18.0
26.0
22.0
34.0
39.0
28.0
16.0
25.0
17.0
12.0
16.0
40.0
18.0
16.0
40.0
18.0
26.0
15.0
24.0
24.0
16.0
21.0
14.0
13.0
31.0
16.0
16.0
33.0
75.0
13.0
18.0
40.0
41.0
23.0
14.0
11.0
16.0
25.0
27.0
18.0
10.0
13.0
33.0
19.0
19.0
17.0
12.0
16.0
21.0
12.0
18.0
22.0
19.0
11.0
20.0
21.0
12.0
50.0
12.0
18.0
19.0
27.0
10.0
12.0
26.0
17.0
18.0
63.0
12.0
11.0
36.0
28.0
30.0
13.0
11.0
12.0
11.0
10.0
35.0
16.0
11.0
16.0
10.0
36.0
22.0
29.0
18.0
34.0
15.0
11.0
22.0
12.0
10.0
17.0
12.0
17.0
27.0
10.0
22.0
25.0
16.0
31.0
22.0
18.0
24.0
22.0
16.0
12.0
16.0
14.0
13.0
13.0
17.0
14.0
12.0
17.0
32.0
24.0
10.0
21.0
8.0
10.0
21.0
12.0
12.0
20.0
19.0
29.0
17.0
16.0
14.0
12.0
21.0
10.0
17.0
15.0
16.0
65.0
16.0
27.0
32.0
28.0
14.0
15.0
13.0
12.0
11.0
30.0
49.0
22.0
52.0
17.0
15.0
12.0
14.0
21.0
21.0
15.0
11.0
15.0
37.0
13.0
41.0
13.0
25.0
25.0
22.0
21.0
12.0
20.0
11.0
29.0
24.0
18.0
11.0
18.0
43.0
33.0
38.0
36.0
21.0
34.0
29.0
38.0
21.0
12.0
42.0
19.0
19.0
20.0
60.0
94.0
29.0
30.0
15.0
29.0
34.0
29.0
57.0
18.0
58.0
20.0
37.0
23.0
17.0
17.0
46.0
34.0
39.0
21.0
61.0
41.0
20.0
43.0
58.0
55.0
58.0
29.0
30.0
49.0
32.0
50.0
48.0
56.0
35.0
36.0
71.0
40.0
37.0
34.0
71.0
98.0
36.0
82.0
48.0
64.0
108.0
54.0
64.0
52.0
43.0
146.0
105.0
77.0
88.0
54.0
82.0
99.0
47.0
43.0
76.0
71.0
43.0
82.0
94.0
61.0
70.0
53.0
75.0
89.0
59.0
119.0
61.0
89.0
118.0
63.0
78.0
78.0
69.0
66.0
110.0
64.0
125.0
200.0
134.0
80.0
78.0
120.0
149.0
165.0
200.0
144.0
200.0
87.0
196.0
96.0
124.0
123.0
195.0
102.0
165.0
200.0
93.0
137.0
89.0
91.0
92.0
167.0
146.0
166.0
125.0
133.0
143.0
136.0
109.0
145.0
136.0
103.0
106.0
173.0
135.0
200.0
194.0
171.0
135.0
135.0
117.0
200.0
116.0
181.0
196.0
128.0
131.0
157.0
135.0
123.0
186.0
151.0
168.0
200.0
179.0
187.0
200.0
145.0
165.0
154.0
142.0
132.0
156.0
133.0
159.0
128.0
154.0
133.0
133.0
153.0
153.0
128.0
164.0
149.0
133.0
136.0
193.0
173.0
153.0
157.0
159.0
150.0
159.0
133.0
150.0
155.0
153.0
160.0
145.0
132.0
149.0
187.0
153.0
138.0
182.0
157.0
138.0
174.0
185.0
200.0
200.0
200.0
200.0
193.0
166.0
199.0
161.0
200.0
200.0
159.0
200.0
168.0
185.0
156.0
200.0
200.0
200.0
200.0
200.0
200.0
200.0
178.0
184.0
200.0
176.0
200.0
173.0
200.0
200.0
200.0
200.0
200.0
200.0
200.0
200.0
200.0
200.0
200.0
188.0
200.0
188.0
200.0
200.0
185.0
200.0
200.0
177.0
200.0
200.0
200.0
200.0
196.0
184.0
184.0
200.0
200.0
200.0
200.0
200.0
200.0
189.0
200.0
176.0
169.0
200.0
200.0
200.0
200.0
200.0
178.0
183.0
185.0
200.0
200.0
199.0
191.0
161.0
200.0
156.0
199.0
200.0
159.0
170.0
166.0
158.0
200.0
184.0
200.0
200.0
173.0
150.0
200.0
151.0
166.0
196.0
169.0
185.0
200.0
200.0
157.0
190.0
171.0
137.0
200.0
200.0
147.0
134.0
145.0
168.0
148.0
141.0
149.0
150.0
139.0
140.0
156.0
187.0
162.0
180.0
159.0
132.0
157.0
188.0
171.0
153.0
146.0
156.0
170.0
155.0
167.0
147.0
193.0
160.0
156.0
125.0
145.0
154.0
148.0
200.0
176.0
151.0
173.0
157.0
156.0
159.0
171.0
154.0
132.0
180.0
157.0
150.0
200.0
150.0
153.0
146.0
135.0
168.0
144.0
139.0
200.0
200.0
135.0
180.0
163.0
153.0
142.0
140.0
132.0
174.0
200.0
152.0
172.0
200.0
200.0
200.0
165.0
200.0
163.0
166.0
155.0
200.0
160.0
168.0
200.0
200.0
193.0
200.0
200.0
200.0
200.0
200.0
200.0
166.0
172.0
174.0
150.0
200.0
149.0
191.0
200.0
166.0
200.0
192.0
200.0
200.0
166.0
200.0
183.0
165.0
176.0
200.0
177.0
200.0
159.0
200.0
200.0
200.0
200.0
178.0
153.0
200.0
171.0
200.0
193.0
179.0
181.0
200.0
200.0
200.0
200.0
152.0
200.0
200.0
200.0
180.0
200.0
200.0
200.0
165.0
200.0
200.0
194.0
149.0
156.0
156.0
200.0
200.0
200.0
183.0
186.0
200.0
200.0
200.0
198.0
200.0
200.0
200.0
200.0
200.0
200.0
200.0
200.0
186.0
200.0
200.0
200.0
200.0
200.0
200.0
200.0
200.0
200.0
200.0
200.0
200.0
176.0
193.0
200.0
200.0
200.0
200.0
200.0
200.0
200.0
200.0
200.0
200.0
200.0
200.0
200.0
189.0
200.0
200.0
200.0
200.0
193.0
192.0
200.0
196.0
200.0
200.0
200.0
200.0
200.0
200.0
200.0
195.0
200.0
200.0
200.0
200.0
200.0
200.0
200.0
200.0
200.0
200.0
200.0
200.0
200.0
200.0
200.0
200.0
197.0
200.0
200.0
200.0
200.0
200.0
200.0
200.0
200.0
200.0
200.0
200.0
200.0
200.0
200.0
200.0
200.0
200.0
200.0
200.0
200.0
200.0
200.0
200.0
200.0
200.0
200.0
200.0
200.0
200.0
200.0
200.0
200.0
200.0
200.0
200.0
200.0
200.0
200.0
200.0
200.0
200.0
200.0
200.0
200.0
200.0
200.0
200.0
200.0
200.0
200.0
200.0
200.0
200.0
200.0
200.0
200.0
200.0
200.0
200.0
200.0
200.0
200.0
200.0
200.0
200.0
200.0
200.0
200.0
200.0
200.0
200.0
200.0
200.0
200.0
200.0
200.0
200.0
200.0
200.0
200.0
200.0
200.0
200.0
200.0
200.0
200.0
200.0
200.0
200.0
200.0
200.0
200.0
200.0
200.0
200.0
200.0
200.0
200.0
200.0
200.0
200.0
200.0
200.0
200.0
200.0
200.0
200.0
200.0
200.0
200.0
200.0
200.0
200.0
200.0
200.0
200.0
200.0
200.0
200.0
200.0
200.0
200.0
200.0
200.0
200.0
200.0
200.0
200.0
200.0
200.0
200.0
200.0
200.0
200.0
200.0
200.0
200.0
200.0
200.0
200.0
200.0
200.0
200.0
200.0
200.0
200.0
200.0
200.0
200.0
200.0
200.0
200.0
200.0
200.0
200.0
200.0
200.0
200.0
200.0
200.0
200.0
200.0
200.0
200.0
200.0
200.0
200.0
200.0
200.0
200.0
200.0
200.0
200.0
200.0
200.0
200.0
200.0
200.0
200.0
200.0
200.0
200.0
200.0
200.0
200.0
200.0
200.0
200.0
200.0
200.0
200.0
200.0
200.0
200.0
200.0
200.0
200.0
200.0
200.0
200.0
200.0
200.0
200.0
200.0
200.0
200.0
200.0
200.0
200.0
200.0
200.0
200.0
200.0
200.0
200.0
200.0
200.0
200.0
200.0
200.0
200.0
200.0
200.0
200.0
200.0
200.0
200.0
200.0
200.0
200.0
200.0
200.0
200.0
200.0
200.0
200.0
200.0
200.0
200.0
200.0
200.0
200.0
200.0
200.0
200.0
200.0
200.0
200.0
200.0
200.0
200.0
200.0
200.0
200.0
200.0
200.0
200.0
200.0
200.0
200.0
200.0
200.0
200.0
200.0
200.0
200.0
200.0
200.0
200.0
200.0
200.0
200.0
200.0
200.0
200.0
200.0
200.0
200.0
200.0
200.0
200.0
200.0
200.0
200.0
200.0
200.0
200.0
200.0
200.0
200.0
200.0
200.0
200.0
200.0
200.0
200.0
200.0
200.0
200.0
200.0
200.0
200.0
200.0
200.0
200.0
200.0
200.0
200.0
200.0
200.0
200.0
200.0
200.0
200.0
200.0
200.0
200.0
200.0
200.0
200.0
200.0
200.0
200.0
200.0
200.0
200.0
200.0
200.0
200.0
200.0
200.0
200.0
200.0
200.0
200.0
200.0
200.0
200.0
200.0
200.0
200.0
200.0
200.0
200.0
200.0
200.0
200.0
200.0
200.0
200.0
200.0
200.0
200.0
200.0
200.0
200.0
200.0
200.0
200.0
200.0
200.0
200.0
200.0
200.0
200.0
200.0
200.0
200.0
200.0
200.0
200.0
200.0
200.0
200.0
200.0
200.0
200.0
200.0
200.0
200.0
200.0
200.0
200.0
200.0
200.0
200.0
200.0
200.0
200.0
200.0
200.0
200.0
200.0
200.0
200.0
200.0
200.0
200.0
200.0
200.0
200.0
200.0
200.0
200.0
200.0
200.0
200.0
200.0
200.0
200.0
200.0
200.0
200.0
200.0
200.0
200.0
200.0
200.0
200.0
200.0
200.0
200.0
200.0
200.0
200.0
200.0
200.0
200.0
200.0
200.0
200.0
200.0
200.0
200.0
200.0
200.0
200.0
200.0
200.0
200.0
200.0
200.0
200.0
200.0
200.0
200.0
200.0
200.0
200.0
200.0
200.0
200.0
200.0
200.0
200.0
200.0
200.0
200.0
200.0
200.0
200.0
200.0
200.0
200.0
200.0
200.0
200.0
200.0
200.0
200.0
200.0
200.0
200.0
200.0
200.0
200.0
200.0
200.0
200.0
200.0
200.0
200.0
200.0
200.0
200.0
200.0
200.0
200.0
200.0
200.0
200.0
200.0
200.0
200.0
200.0
200.0
200.0
200.0
200.0
200.0
200.0
200.0
200.0
200.0
200.0
200.0
200.0
200.0
200.0
200.0
200.0
200.0
200.0
200.0
200.0
200.0
200.0
200.0
200.0
200.0
200.0
200.0
200.0
200.0
200.0
200.0
200.0
200.0
200.0
200.0
200.0
200.0
200.0
200.0
200.0
200.0
200.0
200.0
200.0
200.0
200.0
200.0
200.0
200.0
200.0
200.0
200.0
200.0
200.0
200.0
200.0
200.0
200.0
200.0
200.0
200.0
200.0
200.0
200.0
200.0
200.0
200.0
200.0
200.0
200.0
200.0
200.0
200.0
200.0
200.0
200.0
200.0
200.0
200.0
200.0
200.0
200.0
200.0
200.0
200.0
200.0
200.0
200.0
200.0
200.0
200.0
200.0
200.0
200.0
200.0
200.0
200.0
200.0
200.0
200.0
200.0
200.0
200.0
200.0
200.0
200.0
200.0
200.0
200.0
200.0
200.0
200.0
200.0
200.0
200.0
200.0
200.0
200.0
200.0
200.0
200.0
200.0
200.0
200.0
200.0
200.0
200.0
200.0
200.0
200.0
200.0
200.0
200.0
200.0
200.0
200.0
200.0
200.0
200.0
200.0
200.0
200.0
200.0
200.0
200.0
200.0
200.0
200.0
200.0
200.0
200.0
200.0
200.0
200.0
200.0
200.0
200.0
200.0
200.0
200.0
200.0
200.0
200.0
200.0
200.0
200.0
200.0
200.0
200.0
200.0
200.0
200.0
200.0
200.0
200.0
200.0
200.0
200.0
200.0
200.0
200.0
200.0
200.0
200.0
200.0
200.0
200.0
200.0
200.0
200.0
200.0
200.0
200.0
200.0
200.0
200.0
200.0
200.0
200.0
200.0
200.0
200.0
200.0
200.0
200.0
200.0
200.0
200.0
200.0
200.0
200.0
200.0
200.0
200.0
200.0
200.0
200.0
200.0
200.0
200.0
200.0
200.0
200.0
200.0
200.0
200.0
200.0
200.0
200.0
200.0
200.0
200.0
200.0
200.0
200.0
200.0
200.0
200.0
200.0
200.0
200.0
200.0
200.0
200.0
200.0
200.0
200.0
200.0
200.0
200.0
200.0
200.0
200.0
200.0
200.0
200.0
200.0
200.0
200.0
200.0
200.0
200.0
200.0
200.0
200.0
200.0
200.0
200.0
200.0
200.0
200.0
200.0
200.0
200.0
200.0
200.0
200.0
200.0
200.0
200.0
200.0
200.0
200.0
200.0
200.0
200.0
200.0
200.0
200.0
200.0
200.0
200.0
200.0
200.0
200.0
200.0
200.0
200.0
200.0
200.0
200.0
200.0
200.0
200.0
200.0
200.0
200.0
200.0
200.0
200.0
200.0
200.0
200.0
200.0
200.0
200.0
200.0
200.0
200.0
200.0
200.0
200.0
200.0
200.0
200.0
200.0
200.0
200.0
200.0
200.0
200.0
200.0
200.0
200.0
200.0
200.0
200.0
200.0
200.0
200.0
200.0
200.0
200.0
200.0
200.0
200.0
200.0
200.0
200.0
200.0
200.0
200.0
200.0
200.0
200.0
200.0
200.0
200.0
200.0
200.0
200.0
200.0
200.0
200.0
200.0
200.0
200.0
200.0
200.0
200.0
200.0
200.0
200.0
200.0
200.0
200.0
200.0
200.0
200.0
200.0
200.0
200.0
200.0
200.0
200.0
200.0
200.0
200.0
200.0
200.0
200.0
200.0
200.0
200.0
200.0
200.0
200.0
200.0
200.0
200.0
200.0
200.0
200.0
200.0
200.0
200.0
200.0
200.0
200.0
200.0
200.0
200.0
200.0
200.0
200.0
200.0
200.0
200.0
200.0
200.0
200.0
200.0
200.0
200.0
200.0
200.0
200.0
200.0
200.0
200.0
200.0
200.0
200.0
200.0
200.0
200.0
200.0
200.0
200.0
200.0
200.0
200.0
200.0
200.0
200.0
200.0
200.0
200.0
200.0
200.0
200.0
200.0
200.0
200.0
200.0
200.0
200.0
200.0
200.0
200.0
200.0
200.0
200.0
200.0
200.0
200.0
200.0
200.0
200.0
200.0
200.0
200.0
200.0
200.0
200.0
200.0
200.0
200.0
200.0
200.0
200.0
200.0
200.0
200.0
200.0
200.0
200.0
200.0
200.0
200.0
200.0
200.0
200.0
200.0
200.0
200.0
200.0
200.0
200.0
200.0
200.0
200.0
200.0
200.0
200.0
200.0
200.0
200.0
200.0
200.0
200.0
200.0
200.0
200.0
200.0
200.0
200.0
200.0
200.0
200.0
200.0
200.0
200.0
200.0
200.0
200.0
200.0
200.0
200.0
200.0
200.0
200.0
200.0
200.0
200.0
200.0
200.0
200.0
200.0
200.0
200.0
200.0
200.0
200.0
200.0
200.0
200.0
200.0
200.0
200.0
200.0
200.0
200.0
200.0
200.0
200.0
200.0
200.0
200.0
200.0
200.0
200.0
200.0
200.0
200.0
200.0
200.0
200.0
200.0
200.0
200.0
200.0
200.0
200.0
200.0
200.0
200.0
200.0
200.0
200.0
200.0
200.0
200.0
200.0
200.0
200.0
200.0
200.0
200.0
200.0
200.0
200.0
200.0
200.0
200.0
200.0
200.0
200.0
200.0
200.0
200.0
200.0
200.0
200.0
200.0
200.0
200.0
200.0
200.0
200.0
200.0
200.0
200.0
200.0
200.0
200.0
200.0
200.0
200.0
200.0
200.0
200.0
200.0
200.0
200.0
200.0
200.0
200.0
200.0
200.0
200.0
200.0
200.0
200.0
200.0
200.0
200.0
200.0
200.0
200.0
200.0
200.0
200.0
200.0
200.0
200.0
200.0
200.0
200.0
200.0
200.0
200.0
200.0
200.0
200.0
200.0
200.0
200.0
200.0
200.0
200.0
200.0
200.0
200.0
200.0
200.0
200.0
200.0
200.0
200.0
200.0
200.0
200.0
200.0
200.0
200.0
200.0
200.0
200.0
200.0
200.0
200.0
200.0
200.0
200.0
200.0
200.0
200.0
200.0
200.0
200.0
200.0
200.0
200.0
200.0
200.0
200.0
200.0
200.0
200.0
200.0
200.0
200.0
200.0
200.0
200.0
200.0
200.0
200.0
200.0
200.0
200.0
200.0
200.0
200.0
200.0
200.0
200.0
200.0
200.0
200.0
200.0
200.0
200.0
200.0
200.0
200.0
200.0
200.0
200.0
200.0
200.0
200.0
200.0
200.0
200.0
200.0
200.0
200.0
200.0
200.0
200.0
200.0
200.0
200.0
200.0
200.0
200.0
200.0
200.0
200.0
200.0
200.0
200.0
200.0
200.0
200.0
200.0
200.0
200.0
200.0
200.0
200.0
200.0
200.0
200.0
200.0
200.0
200.0
200.0
200.0
200.0
200.0
200.0
200.0
200.0
200.0
200.0
200.0
200.0
200.0
