24.0
75.0
18.0
12.0
11.0
20.0
26.0
40.0
10.0
14.0
17.0
10.0
13.0
31.0
18.0
30.0
49.0
10.0
32.0
19.0
17.0
15.0
11.0
11.0
13.0
16.0
35.0
10.0
21.0
44.0
28.0
18.0
14.0
11.0
13.0
19.0
14.0
19.0
13.0
19.0
17.0
11.0
14.0
13.0
12.0
17.0
26.0
17.0
19.0
15.0
28.0
15.0
11.0
19.0
51.0
16.0
27.0
30.0
13.0
18.0
21.0
17.0
13.0
14.0
20.0
19.0
16.0
16.0
20.0
47.0
10.0
24.0
11.0
12.0
15.0
13.0
14.0
21.0
15.0
44.0
13.0
21.0
24.0
12.0
49.0
27.0
24.0
31.0
17.0
10.0
12.0
60.0
27.0
14.0
12.0
14.0
18.0
9.0
19.0
10.0
19.0
15.0
14.0
15.0
32.0
28.0
20.0
27.0
12.0
40.0
14.0
36.0
17.0
23.0
13.0
14.0
26.0
12.0
9.0
11.0
27.0
11.0
16.0
10.0
12.0
20.0
36.0
14.0
17.0
12.0
9.0
9.0
18.0
23.0
13.0
10.0
21.0
17.0
15.0
22.0
9.0
23.0
37.0
26.0
21.0
36.0
14.0
11.0
50.0
33.0
11.0
12.0
12.0
38.0
14.0
12.0
15.0
21.0
12.0
16.0
14.0
10.0
14.0
17.0
13.0
16.0
16.0
18.0
22.0
10.0
14.0
10.0
28.0
17.0
22.0
10.0
11.0
13.0
11.0
12.0
17.0
17.0
10.0
25.0
14.0
38.0
29.0
12.0
48.0
14.0
13.0
11.0
13.0
19.0
24.0
10.0
15.0
13.0
16.0
14.0
15.0
19.0
16.0
18.0
12.0
13.0
13.0
20.0
13.0
12.0
13.0
13.0
11.0
16.0
18.0
21.0
18.0
20.0
17.0
20.0
17.0
17.0
13.0
12.0
21.0
14.0
16.0
12.0
21.0
17.0
17.0
12.0
18.0
15.0
15.0
23.0
20.0
13.0
24.0
14.0
14.0
17.0
36.0
14.0
16.0
13.0
13.0
24.0
17.0
26.0
10.0
16.0
16.0
11.0
14.0
14.0
18.0
19.0
16.0
30.0
14.0
21.0
31.0
13.0
18.0
22.0
17.0
14.0
11.0
10.0
21.0
15.0
19.0
39.0
12.0
32.0
23.0
14.0
32.0
36.0
17.0
78.0
16.0
16.0
18.0
23.0
19.0
23.0
26.0
21.0
14.0
40.0
21.0
21.0
17.0
26.0
16.0
22.0
18.0
11.0
29.0
36.0
18.0
38.0
24.0
13.0
32.0
15.0
23.0
13.0
22.0
17.0
14.0
18.0
18.0
11.0
25.0
23.0
23.0
29.0
20.0
9.0
32.0
22.0
27.0
46.0
23.0
37.0
25.0
19.0
21.0
32.0
30.0
22.0
35.0
19.0
27.0
19.0
33.0
28.0
32.0
48.0
39.0
28.0
27.0
54.0
28.0
35.0
24.0
21.0
20.0
46.0
51.0
61.0
49.0
42.0
71.0
50.0
52.0
53.0
56.0
65.0
38.0
33.0
39.0
55.0
44.0
51.0
68.0
41.0
43.0
114.0
137.0
90.0
66.0
57.0
38.0
61.0
85.0
69.0
84.0
161.0
103.0
85.0
172.0
75.0
200.0
99.0
94.0
80.0
88.0
151.0
86.0
81.0
137.0
104.0
84.0
118.0
129.0
103.0
167.0
200.0
134.0
75.0
165.0
97.0
200.0
69.0
69.0
85.0
127.0
147.0
200.0
101.0
97.0
114.0
74.0
78.0
65.0
97.0
66.0
101.0
98.0
74.0
72.0
98.0
100.0
110.0
83.0
72.0
76.0
79.0
78.0
72.0
70.0
80.0
88.0
80.0
93.0
89.0
61.0
80.0
70.0
75.0
83.0
75.0
86.0
82.0
77.0
86.0
79.0
72.0
88.0
64.0
76.0
70.0
80.0
74.0
80.0
75.0
89.0
87.0
74.0
71.0
75.0
68.0
62.0
69.0
80.0
61.0
75.0
84.0
75.0
75.0
78.0
68.0
73.0
84.0
69.0
74.0
76.0
74.0
86.0
86.0
79.0
83.0
76.0
78.0
70.0
81.0
87.0
72.0
69.0
86.0
84.0
72.0
82.0
86.0
73.0
75.0
82.0
82.0
82.0
90.0
82.0
80.0
80.0
79.0
75.0
82.0
80.0
69.0
100.0
66.0
79.0
92.0
79.0
86.0
72.0
102.0
89.0
90.0
73.0
71.0
93.0
82.0
102.0
70.0
86.0
96.0
80.0
94.0
85.0
84.0
91.0
96.0
92.0
99.0
80.0
72.0
84.0
110.0
86.0
112.0
82.0
107.0
90.0
98.0
91.0
77.0
101.0
97.0
101.0
88.0
128.0
117.0
117.0
142.0
118.0
103.0
112.0
128.0
140.0
114.0
114.0
168.0
115.0
110.0
109.0
126.0
86.0
113.0
113.0
130.0
91.0
107.0
121.0
95.0
131.0
142.0
138.0
94.0
111.0
165.0
141.0
153.0
105.0
117.0
119.0
143.0
200.0
113.0
155.0
186.0
169.0
113.0
119.0
159.0
119.0
156.0
114.0
147.0
200.0
127.0
200.0
200.0
169.0
200.0
127.0
135.0
133.0
135.0
200.0
200.0
200.0
117.0
200.0
200.0
107.0
147.0
200.0
200.0
124.0
200.0
141.0
116.0
168.0
200.0
200.0
124.0
200.0
112.0
200.0
187.0
119.0
166.0
168.0
200.0
200.0
200.0
192.0
200.0
200.0
200.0
200.0
200.0
186.0
200.0
200.0
200.0
200.0
200.0
200.0
200.0
200.0
200.0
200.0
200.0
184.0
200.0
200.0
192.0
200.0
200.0
200.0
200.0
163.0
200.0
200.0
138.0
200.0
200.0
200.0
200.0
200.0
200.0
200.0
200.0
138.0
200.0
200.0
115.0
200.0
200.0
158.0
200.0
200.0
200.0
200.0
200.0
200.0
200.0
184.0
200.0
128.0
120.0
200.0
200.0
200.0
200.0
200.0
190.0
200.0
200.0
200.0
200.0
152.0
200.0
200.0
171.0
151.0
200.0
200.0
200.0
200.0
200.0
200.0
196.0
200.0
200.0
148.0
200.0
200.0
162.0
200.0
200.0
200.0
200.0
196.0
175.0
157.0
200.0
146.0
200.0
200.0
198.0
200.0
193.0
200.0
177.0
200.0
200.0
192.0
171.0
200.0
174.0
200.0
200.0
200.0
199.0
187.0
147.0
200.0
176.0
127.0
195.0
154.0
132.0
200.0
99.0
124.0
200.0
119.0
200.0
129.0
200.0
105.0
200.0
200.0
171.0
200.0
200.0
200.0
200.0
200.0
166.0
197.0
186.0
200.0
200.0
200.0
191.0
190.0
164.0
200.0
197.0
90.0
163.0
200.0
185.0
187.0
200.0
200.0
196.0
200.0
172.0
177.0
200.0
172.0
200.0
200.0
171.0
200.0
200.0
179.0
200.0
200.0
177.0
200.0
200.0
173.0
193.0
200.0
186.0
200.0
200.0
200.0
200.0
188.0
172.0
162.0
200.0
146.0
181.0
172.0
173.0
173.0
184.0
168.0
188.0
168.0
187.0
169.0
194.0
158.0
165.0
179.0
173.0
174.0
191.0
178.0
163.0
155.0
162.0
159.0
153.0
143.0
158.0
154.0
153.0
164.0
166.0
154.0
144.0
154.0
156.0
155.0
150.0
135.0
137.0
145.0
144.0
143.0
149.0
141.0
143.0
134.0
143.0
141.0
136.0
137.0
132.0
142.0
139.0
136.0
139.0
136.0
143.0
136.0
143.0
132.0
137.0
138.0
134.0
134.0
139.0
139.0
139.0
132.0
137.0
139.0
139.0
142.0
139.0
138.0
125.0
128.0
139.0
133.0
129.0
136.0
131.0
138.0
138.0
141.0
135.0
136.0
133.0
146.0
135.0
136.0
131.0
135.0
134.0
136.0
139.0
141.0
145.0
142.0
142.0
144.0
141.0
135.0
140.0
138.0
142.0
153.0
145.0
137.0
141.0
152.0
146.0
149.0
151.0
150.0
155.0
159.0
165.0
162.0
163.0
168.0
172.0
177.0
166.0
168.0
164.0
173.0
172.0
186.0
170.0
186.0
179.0
188.0
186.0
200.0
192.0
183.0
191.0
200.0
200.0
186.0
199.0
200.0
200.0
200.0
200.0
200.0
200.0
200.0
200.0
200.0
200.0
200.0
200.0
200.0
200.0
200.0
200.0
200.0
200.0
200.0
200.0
200.0
200.0
200.0
200.0
200.0
200.0
200.0
200.0
200.0
200.0
200.0
200.0
200.0
200.0
200.0
200.0
200.0
200.0
200.0
200.0
200.0
200.0
200.0
200.0
200.0
200.0
200.0
200.0
200.0
200.0
200.0
200.0
200.0
200.0
200.0
200.0
200.0
200.0
200.0
200.0
200.0
200.0
200.0
200.0
200.0
200.0
200.0
200.0
200.0
200.0
200.0
200.0
200.0
200.0
200.0
200.0
200.0
200.0
200.0
200.0
200.0
200.0
200.0
200.0
200.0
200.0
200.0
200.0
200.0
200.0
200.0
200.0
200.0
200.0
200.0
200.0
200.0
200.0
200.0
200.0
200.0
200.0
200.0
200.0
200.0
200.0
200.0
200.0
200.0
200.0
200.0
200.0
200.0
200.0
200.0
200.0
200.0
200.0
200.0
200.0
200.0
200.0
200.0
200.0
200.0
200.0
200.0
200.0
200.0
200.0
200.0
200.0
200.0
200.0
200.0
200.0
200.0
200.0
200.0
200.0
200.0
200.0
200.0
200.0
200.0
200.0
200.0
200.0
200.0
200.0
200.0
200.0
200.0
200.0
200.0
200.0
200.0
200.0
200.0
200.0
200.0
200.0
200.0
200.0
200.0
200.0
200.0
200.0
200.0
200.0
200.0
200.0
200.0
200.0
200.0
200.0
200.0
200.0
200.0
200.0
200.0
200.0
200.0
200.0
200.0
200.0
200.0
200.0
200.0
200.0
200.0
200.0
200.0
200.0
200.0
200.0
200.0
200.0
200.0
200.0
200.0
200.0
200.0
200.0
200.0
200.0
200.0
200.0
200.0
200.0
200.0
200.0
200.0
200.0
200.0
200.0
200.0
200.0
200.0
200.0
200.0
200.0
200.0
200.0
200.0
200.0
200.0
200.0
200.0
200.0
200.0
200.0
200.0
200.0
200.0
200.0
200.0
200.0
200.0
200.0
200.0
200.0
200.0
200.0
200.0
200.0
200.0
200.0
200.0
200.0
200.0
200.0
200.0
200.0
200.0
200.0
200.0
200.0
200.0
200.0
200.0
200.0
200.0
200.0
200.0
200.0
200.0
200.0
200.0
200.0
200.0
200.0
200.0
200.0
200.0
200.0
200.0
200.0
200.0
200.0
200.0
200.0
200.0
200.0
200.0
200.0
200.0
200.0
200.0
200.0
200.0
200.0
200.0
200.0
200.0
200.0
200.0
200.0
200.0
200.0
200.0
200.0
200.0
200.0
200.0
200.0
200.0
200.0
200.0
200.0
200.0
200.0
200.0
200.0
200.0
200.0
200.0
200.0
200.0
200.0
200.0
200.0
200.0
200.0
200.0
200.0
200.0
200.0
200.0
200.0
200.0
200.0
200.0
200.0
200.0
200.0
200.0
200.0
200.0
200.0
200.0
200.0
200.0
200.0
200.0
200.0
200.0
200.0
200.0
200.0
200.0
200.0
200.0
200.0
200.0
200.0
200.0
200.0
200.0
200.0
200.0
200.0
200.0
200.0
200.0
200.0
200.0
200.0
200.0
200.0
200.0
200.0
200.0
200.0
200.0
200.0
200.0
200.0
200.0
200.0
200.0
200.0
200.0
200.0
200.0
200.0
200.0
200.0
200.0
200.0
200.0
200.0
200.0
200.0
200.0
200.0
200.0
200.0
200.0
200.0
200.0
200.0
200.0
200.0
200.0
200.0
200.0
200.0
200.0
200.0
200.0
200.0
200.0
200.0
200.0
200.0
200.0
200.0
200.0
200.0
200.0
200.0
200.0
200.0
200.0
200.0
200.0
200.0
200.0
200.0
200.0
200.0
200.0
200.0
200.0
200.0
200.0
200.0
200.0
200.0
200.0
200.0
200.0
200.0
200.0
200.0
200.0
200.0
200.0
200.0
200.0
200.0
200.0
200.0
200.0
200.0
200.0
200.0
200.0
200.0
200.0
200.0
200.0
200.0
200.0
200.0
200.0
200.0
200.0
200.0
200.0
200.0
200.0
200.0
200.0
200.0
200.0
200.0
200.0
200.0
200.0
200.0
200.0
200.0
200.0
200.0
200.0
200.0
200.0
200.0
200.0
200.0
200.0
200.0
200.0
200.0
200.0
200.0
200.0
200.0
200.0
200.0
200.0
200.0
200.0
200.0
200.0
200.0
200.0
200.0
200.0
200.0
200.0
200.0
200.0
200.0
200.0
200.0
200.0
200.0
200.0
200.0
200.0
200.0
200.0
200.0
200.0
200.0
200.0
200.0
200.0
200.0
200.0
200.0
200.0
200.0
200.0
200.0
200.0
200.0
200.0
200.0
200.0
200.0
200.0
200.0
200.0
200.0
200.0
200.0
200.0
200.0
200.0
200.0
200.0
200.0
200.0
200.0
200.0
200.0
200.0
200.0
200.0
200.0
200.0
200.0
200.0
200.0
200.0
200.0
200.0
200.0
200.0
200.0
200.0
200.0
200.0
200.0
200.0
200.0
200.0
200.0
200.0
200.0
200.0
200.0
200.0
200.0
200.0
200.0
200.0
200.0
200.0
200.0
200.0
200.0
200.0
200.0
200.0
200.0
200.0
200.0
200.0
200.0
200.0
200.0
200.0
200.0
200.0
200.0
200.0
200.0
200.0
200.0
200.0
200.0
200.0
200.0
200.0
200.0
200.0
200.0
200.0
200.0
200.0
200.0
200.0
200.0
200.0
200.0
200.0
200.0
200.0
200.0
200.0
200.0
200.0
200.0
200.0
200.0
200.0
200.0
200.0
200.0
200.0
200.0
200.0
200.0
200.0
200.0
200.0
200.0
200.0
200.0
200.0
200.0
200.0
200.0
200.0
200.0
200.0
200.0
200.0
200.0
200.0
200.0
200.0
200.0
200.0
200.0
200.0
200.0
200.0
200.0
200.0
200.0
200.0
200.0
200.0
200.0
200.0
200.0
200.0
200.0
200.0
200.0
200.0
200.0
200.0
200.0
200.0
200.0
200.0
200.0
200.0
200.0
200.0
200.0
200.0
200.0
200.0
200.0
200.0
200.0
200.0
200.0
200.0
200.0
200.0
200.0
200.0
200.0
200.0
200.0
200.0
200.0
200.0
200.0
200.0
200.0
200.0
200.0
200.0
200.0
200.0
200.0
200.0
200.0
200.0
200.0
200.0
200.0
200.0
200.0
200.0
200.0
200.0
200.0
200.0
200.0
200.0
200.0
200.0
200.0
200.0
200.0
200.0
200.0
200.0
200.0
200.0
200.0
200.0
200.0
200.0
200.0
200.0
200.0
200.0
200.0
200.0
200.0
200.0
200.0
200.0
200.0
200.0
200.0
200.0
200.0
200.0
200.0
200.0
200.0
200.0
200.0
200.0
200.0
200.0
200.0
200.0
200.0
200.0
200.0
200.0
200.0
200.0
200.0
200.0
200.0
200.0
200.0
200.0
200.0
200.0
200.0
200.0
200.0
200.0
200.0
200.0
200.0
200.0
200.0
200.0
200.0
200.0
200.0
200.0
200.0
200.0
200.0
200.0
200.0
200.0
200.0
200.0
200.0
200.0
200.0
200.0
200.0
200.0
200.0
200.0
200.0
200.0
200.0
200.0
200.0
200.0
200.0
200.0
200.0
200.0
200.0
200.0
200.0
200.0
200.0
200.0
200.0
200.0
200.0
200.0
200.0
200.0
200.0
200.0
200.0
200.0
200.0
200.0
200.0
200.0
200.0
200.0
200.0
200.0
200.0
200.0
200.0
200.0
200.0
200.0
200.0
200.0
200.0
200.0
200.0
200.0
200.0
200.0
200.0
200.0
200.0
200.0
200.0
200.0
200.0
200.0
200.0
200.0
200.0
200.0
200.0
200.0
200.0
200.0
200.0
200.0
200.0
200.0
200.0
200.0
200.0
200.0
200.0
200.0
200.0
200.0
200.0
200.0
200.0
200.0
200.0
200.0
200.0
200.0
200.0
200.0
200.0
200.0
200.0
200.0
200.0
200.0
200.0
200.0
200.0
200.0
200.0
200.0
200.0
200.0
200.0
200.0
200.0
200.0
200.0
200.0
200.0
200.0
200.0
200.0
200.0
200.0
200.0
200.0
200.0
200.0
200.0
200.0
200.0
200.0
200.0
200.0
200.0
200.0
200.0
200.0
200.0
200.0
200.0
200.0
200.0
200.0
200.0
200.0
200.0
200.0
200.0
200.0
200.0
200.0
200.0
200.0
200.0
200.0
200.0
200.0
200.0
200.0
200.0
200.0
200.0
200.0
200.0
200.0
200.0
200.0
200.0
200.0
200.0
200.0
200.0
200.0
200.0
200.0
200.0
200.0
200.0
200.0
200.0
200.0
200.0
200.0
200.0
200.0
200.0
200.0
200.0
200.0
200.0
200.0
200.0
200.0
200.0
200.0
200.0
200.0
200.0
200.0
200.0
200.0
200.0
200.0
200.0
200.0
200.0
200.0
200.0
200.0
200.0
200.0
200.0
200.0
200.0
200.0
200.0
200.0
200.0
200.0
200.0
200.0
200.0
200.0
200.0
