47.0
16.0
13.0
14.0
14.0
13.0
17.0
33.0
13.0
29.0
10.0
17.0
14.0
14.0
30.0
17.0
13.0
14.0
12.0
13.0
12.0
23.0
10.0
19.0
12.0
30.0
26.0
27.0
27.0
15.0
14.0
31.0
12.0
29.0
22.0
13.0
16.0
13.0
14.0
18.0
12.0
22.0
15.0
38.0
18.0
18.0
15.0
29.0
43.0
19.0
42.0
11.0
17.0
22.0
36.0
30.0
16.0
18.0
27.0
14.0
12.0
19.0
19.0
29.0
11.0
15.0
13.0
13.0
18.0
14.0
14.0
14.0
15.0
19.0
17.0
9.0
20.0
17.0
14.0
13.0
28.0
14.0
43.0
11.0
17.0
11.0
10.0
48.0
18.0
20.0
26.0
24.0
17.0
40.0
21.0
21.0
10.0
18.0
15.0
10.0
15.0
16.0
15.0
12.0
77.0
12.0
11.0
21.0
16.0
14.0
18.0
16.0
13.0
21.0
11.0
27.0
23.0
13.0
24.0
21.0
48.0
20.0
10.0
14.0
13.0
16.0
10.0
32.0
21.0
12.0
18.0
11.0
12.0
15.0
25.0
18.0
63.0
13.0
10.0
25.0
20.0
11.0
26.0
11.0
13.0
17.0
15.0
20.0
14.0
20.0
22.0
12.0
43.0
18.0
35.0
32.0
22.0
13.0
19.0
14.0
23.0
29.0
14.0
18.0
13.0
28.0
41.0
16.0
28.0
24.0
19.0
20.0
10.0
33.0
24.0
15.0
15.0
14.0
25.0
21.0
45.0
20.0
23.0
36.0
24.0
30.0
20.0
28.0
17.0
35.0
25.0
20.0
14.0
21.0
20.0
23.0
28.0
19.0
12.0
12.0
24.0
64.0
57.0
54.0
49.0
62.0
27.0
40.0
13.0
17.0
42.0
35.0
41.0
36.0
27.0
24.0
38.0
89.0
31.0
92.0
61.0
82.0
54.0
111.0
74.0
44.0
58.0
48.0
47.0
57.0
38.0
70.0
40.0
86.0
68.0
78.0
72.0
107.0
145.0
50.0
95.0
44.0
116.0
161.0
110.0
153.0
167.0
95.0
86.0
82.0
98.0
110.0
154.0
123.0
125.0
79.0
200.0
135.0
197.0
127.0
138.0
146.0
200.0
185.0
124.0
175.0
130.0
123.0
200.0
115.0
103.0
128.0
108.0
159.0
111.0
200.0
164.0
108.0
103.0
137.0
200.0
195.0
137.0
173.0
117.0
200.0
200.0
107.0
120.0
108.0
132.0
127.0
121.0
156.0
131.0
145.0
135.0
114.0
173.0
132.0
155.0
130.0
150.0
123.0
105.0
97.0
135.0
95.0
112.0
129.0
110.0
140.0
105.0
126.0
100.0
119.0
116.0
110.0
122.0
126.0
119.0
102.0
107.0
96.0
115.0
128.0
113.0
102.0
110.0
120.0
105.0
112.0
118.0
127.0
130.0
116.0
160.0
118.0
102.0
108.0
97.0
106.0
114.0
124.0
103.0
107.0
109.0
104.0
112.0
119.0
129.0
113.0
132.0
144.0
106.0
116.0
132.0
108.0
132.0
108.0
106.0
120.0
116.0
111.0
132.0
142.0
119.0
150.0
120.0
106.0
126.0
106.0
134.0
114.0
123.0
121.0
113.0
128.0
121.0
126.0
140.0
121.0
124.0
168.0
125.0
148.0
146.0
147.0
148.0
154.0
129.0
152.0
200.0
177.0
146.0
140.0
119.0
143.0
158.0
132.0
151.0
113.0
149.0
120.0
153.0
200.0
120.0
137.0
142.0
125.0
175.0
162.0
149.0
122.0
153.0
200.0
172.0
200.0
200.0
200.0
169.0
181.0
200.0
200.0
200.0
200.0
200.0
200.0
167.0
200.0
191.0
200.0
200.0
200.0
200.0
200.0
200.0
200.0
200.0
200.0
184.0
200.0
200.0
168.0
200.0
200.0
200.0
200.0
200.0
200.0
200.0
200.0
200.0
200.0
187.0
200.0
200.0
200.0
200.0
200.0
200.0
200.0
190.0
200.0
200.0
184.0
200.0
200.0
200.0
200.0
200.0
160.0
200.0
200.0
200.0
174.0
200.0
200.0
192.0
187.0
195.0
195.0
200.0
200.0
180.0
200.0
200.0
200.0
200.0
200.0
200.0
189.0
200.0
200.0
175.0
173.0
184.0
200.0
200.0
200.0
200.0
200.0
200.0
200.0
200.0
200.0
200.0
200.0
200.0
200.0
200.0
176.0
157.0
200.0
200.0
169.0
185.0
196.0
200.0
170.0
200.0
200.0
178.0
152.0
170.0
200.0
179.0
200.0
200.0
161.0
152.0
200.0
200.0
188.0
200.0
157.0
172.0
155.0
171.0
200.0
200.0
200.0
200.0
180.0
200.0
200.0
187.0
200.0
200.0
200.0
180.0
200.0
166.0
200.0
200.0
200.0
174.0
200.0
182.0
200.0
200.0
200.0
187.0
200.0
199.0
200.0
187.0
181.0
200.0
164.0
164.0
200.0
200.0
193.0
200.0
200.0
152.0
200.0
200.0
200.0
200.0
200.0
200.0
200.0
180.0
168.0
196.0
159.0
200.0
200.0
200.0
200.0
200.0
150.0
181.0
200.0
200.0
169.0
198.0
184.0
159.0
200.0
182.0
200.0
176.0
169.0
185.0
153.0
200.0
179.0
200.0
173.0
195.0
200.0
170.0
170.0
163.0
200.0
200.0
200.0
184.0
189.0
200.0
180.0
200.0
189.0
200.0
193.0
185.0
178.0
200.0
186.0
200.0
159.0
154.0
194.0
188.0
158.0
164.0
153.0
175.0
200.0
155.0
168.0
146.0
157.0
184.0
200.0
177.0
174.0
181.0
200.0
171.0
181.0
200.0
200.0
200.0
154.0
180.0
144.0
200.0
158.0
198.0
174.0
200.0
179.0
160.0
147.0
173.0
144.0
150.0
141.0
159.0
157.0
153.0
148.0
149.0
150.0
129.0
136.0
155.0
145.0
126.0
159.0
182.0
149.0
159.0
161.0
187.0
150.0
160.0
154.0
133.0
181.0
145.0
139.0
179.0
146.0
168.0
200.0
198.0
178.0
185.0
147.0
156.0
144.0
149.0
148.0
136.0
131.0
147.0
141.0
142.0
155.0
136.0
140.0
164.0
164.0
146.0
144.0
147.0
161.0
163.0
186.0
182.0
152.0
162.0
162.0
151.0
181.0
155.0
165.0
161.0
150.0
158.0
143.0
158.0
162.0
169.0
130.0
146.0
155.0
142.0
189.0
143.0
134.0
139.0
142.0
151.0
148.0
134.0
156.0
134.0
150.0
155.0
132.0
159.0
150.0
145.0
146.0
153.0
147.0
174.0
155.0
167.0
197.0
149.0
148.0
139.0
145.0
150.0
148.0
165.0
146.0
143.0
146.0
140.0
155.0
153.0
143.0
146.0
152.0
152.0
151.0
156.0
150.0
123.0
141.0
145.0
137.0
147.0
143.0
146.0
133.0
139.0
152.0
143.0
132.0
136.0
157.0
134.0
136.0
127.0
140.0
136.0
147.0
144.0
117.0
134.0
142.0
140.0
145.0
136.0
149.0
149.0
137.0
144.0
135.0
147.0
138.0
151.0
134.0
129.0
136.0
148.0
142.0
136.0
138.0
124.0
123.0
126.0
128.0
128.0
131.0
135.0
133.0
131.0
128.0
131.0
124.0
136.0
134.0
138.0
145.0
147.0
126.0
133.0
128.0
135.0
129.0
130.0
132.0
136.0
135.0
124.0
126.0
132.0
140.0
139.0
129.0
129.0
128.0
129.0
134.0
134.0
134.0
141.0
131.0
129.0
133.0
130.0
131.0
134.0
135.0
129.0
125.0
136.0
130.0
140.0
134.0
144.0
149.0
130.0
126.0
134.0
137.0
128.0
147.0
153.0
125.0
133.0
134.0
133.0
137.0
135.0
146.0
157.0
129.0
141.0
141.0
140.0
142.0
150.0
40.0
11.0
138.0
146.0
144.0
150.0
170.0
165.0
158.0
153.0
165.0
177.0
190.0
197.0
19.0
12.0
200.0
174.0
193.0
200.0
200.0
30.0
197.0
157.0
200.0
200.0
200.0
200.0
200.0
200.0
200.0
200.0
200.0
200.0
200.0
200.0
200.0
200.0
200.0
200.0
200.0
200.0
200.0
200.0
200.0
200.0
200.0
200.0
200.0
200.0
200.0
12.0
200.0
10.0
11.0
9.0
10.0
11.0
200.0
200.0
200.0
12.0
200.0
200.0
11.0
200.0
200.0
200.0
200.0
12.0
200.0
200.0
200.0
200.0
200.0
200.0
200.0
200.0
200.0
200.0
200.0
200.0
200.0
200.0
200.0
200.0
200.0
200.0
200.0
200.0
200.0
200.0
200.0
200.0
200.0
200.0
200.0
200.0
200.0
200.0
200.0
200.0
200.0
200.0
200.0
200.0
200.0
200.0
200.0
200.0
200.0
200.0
200.0
200.0
200.0
200.0
200.0
200.0
200.0
200.0
200.0
200.0
200.0
200.0
200.0
200.0
200.0
200.0
200.0
200.0
200.0
200.0
200.0
200.0
200.0
200.0
200.0
200.0
200.0
200.0
200.0
200.0
200.0
200.0
200.0
200.0
200.0
200.0
200.0
200.0
200.0
200.0
200.0
200.0
200.0
200.0
200.0
200.0
200.0
200.0
200.0
200.0
200.0
200.0
200.0
200.0
200.0
200.0
200.0
200.0
200.0
200.0
200.0
200.0
200.0
200.0
200.0
200.0
200.0
200.0
200.0
200.0
200.0
200.0
200.0
200.0
200.0
200.0
200.0
200.0
200.0
200.0
200.0
200.0
200.0
200.0
200.0
200.0
200.0
200.0
200.0
200.0
200.0
200.0
200.0
200.0
200.0
200.0
200.0
200.0
200.0
200.0
200.0
200.0
200.0
200.0
200.0
200.0
200.0
200.0
200.0
200.0
200.0
200.0
200.0
200.0
200.0
200.0
200.0
200.0
200.0
200.0
200.0
200.0
200.0
200.0
200.0
200.0
200.0
200.0
200.0
200.0
200.0
200.0
200.0
200.0
200.0
200.0
200.0
200.0
200.0
200.0
200.0
200.0
200.0
200.0
200.0
200.0
200.0
200.0
200.0
200.0
200.0
200.0
200.0
200.0
200.0
200.0
200.0
200.0
200.0
200.0
200.0
200.0
200.0
200.0
200.0
200.0
200.0
200.0
200.0
200.0
200.0
200.0
200.0
200.0
200.0
200.0
200.0
200.0
200.0
200.0
200.0
200.0
200.0
200.0
200.0
200.0
200.0
200.0
200.0
200.0
200.0
200.0
200.0
200.0
200.0
200.0
200.0
200.0
200.0
200.0
200.0
200.0
200.0
200.0
200.0
200.0
200.0
200.0
200.0
200.0
200.0
200.0
200.0
200.0
200.0
200.0
200.0
200.0
200.0
200.0
200.0
200.0
200.0
200.0
200.0
200.0
200.0
200.0
200.0
200.0
200.0
200.0
200.0
200.0
200.0
200.0
200.0
200.0
200.0
200.0
200.0
200.0
200.0
200.0
200.0
200.0
200.0
200.0
200.0
200.0
200.0
200.0
200.0
200.0
200.0
200.0
200.0
200.0
200.0
200.0
200.0
200.0
200.0
200.0
200.0
200.0
200.0
200.0
200.0
200.0
200.0
200.0
200.0
200.0
200.0
200.0
200.0
200.0
200.0
200.0
200.0
200.0
200.0
200.0
200.0
200.0
200.0
200.0
200.0
200.0
200.0
200.0
200.0
200.0
200.0
200.0
200.0
200.0
200.0
200.0
200.0
200.0
200.0
200.0
200.0
200.0
200.0
200.0
200.0
200.0
200.0
200.0
200.0
200.0
200.0
200.0
200.0
200.0
200.0
200.0
200.0
200.0
200.0
200.0
200.0
200.0
200.0
200.0
200.0
200.0
200.0
200.0
200.0
200.0
200.0
200.0
200.0
200.0
200.0
200.0
200.0
200.0
200.0
200.0
200.0
200.0
200.0
200.0
200.0
200.0
200.0
200.0
200.0
200.0
200.0
200.0
200.0
200.0
200.0
200.0
200.0
200.0
200.0
200.0
200.0
200.0
200.0
200.0
200.0
200.0
200.0
200.0
200.0
200.0
200.0
200.0
200.0
200.0
200.0
200.0
200.0
200.0
200.0
200.0
200.0
200.0
200.0
200.0
200.0
200.0
200.0
200.0
200.0
200.0
200.0
200.0
200.0
200.0
200.0
200.0
200.0
200.0
200.0
200.0
200.0
200.0
200.0
200.0
200.0
200.0
200.0
200.0
200.0
200.0
200.0
200.0
200.0
200.0
200.0
200.0
200.0
200.0
200.0
200.0
200.0
200.0
200.0
200.0
200.0
200.0
200.0
200.0
200.0
200.0
200.0
200.0
200.0
200.0
200.0
200.0
200.0
200.0
200.0
200.0
200.0
200.0
200.0
200.0
200.0
200.0
200.0
200.0
200.0
200.0
200.0
200.0
200.0
200.0
200.0
200.0
200.0
200.0
200.0
200.0
200.0
200.0
200.0
200.0
200.0
200.0
200.0
200.0
200.0
200.0
200.0
200.0
200.0
200.0
200.0
200.0
200.0
200.0
200.0
200.0
200.0
200.0
200.0
200.0
200.0
200.0
200.0
200.0
200.0
200.0
200.0
200.0
200.0
200.0
200.0
200.0
200.0
200.0
200.0
200.0
200.0
200.0
200.0
200.0
200.0
200.0
200.0
200.0
200.0
200.0
200.0
200.0
200.0
200.0
200.0
200.0
200.0
200.0
200.0
200.0
200.0
200.0
200.0
200.0
200.0
200.0
200.0
200.0
200.0
200.0
200.0
200.0
200.0
200.0
200.0
200.0
200.0
200.0
200.0
200.0
200.0
200.0
200.0
200.0
200.0
200.0
200.0
200.0
200.0
200.0
200.0
200.0
200.0
200.0
200.0
200.0
200.0
200.0
200.0
200.0
200.0
200.0
200.0
200.0
200.0
200.0
200.0
200.0
200.0
200.0
200.0
200.0
200.0
200.0
200.0
200.0
200.0
200.0
200.0
200.0
200.0
200.0
200.0
200.0
200.0
200.0
200.0
200.0
200.0
200.0
200.0
200.0
200.0
200.0
200.0
200.0
200.0
200.0
200.0
200.0
200.0
200.0
200.0
200.0
200.0
200.0
200.0
200.0
200.0
200.0
200.0
200.0
200.0
200.0
200.0
200.0
200.0
200.0
200.0
200.0
200.0
200.0
200.0
200.0
200.0
200.0
200.0
200.0
200.0
200.0
200.0
200.0
200.0
200.0
200.0
200.0
200.0
200.0
200.0
200.0
200.0
200.0
200.0
200.0
200.0
200.0
200.0
200.0
200.0
200.0
200.0
200.0
200.0
200.0
200.0
200.0
200.0
200.0
200.0
200.0
200.0
200.0
200.0
200.0
200.0
200.0
200.0
200.0
200.0
200.0
200.0
200.0
200.0
200.0
200.0
200.0
200.0
200.0
200.0
200.0
200.0
200.0
200.0
200.0
200.0
200.0
200.0
200.0
200.0
200.0
200.0
200.0
200.0
200.0
200.0
200.0
200.0
200.0
200.0
200.0
200.0
200.0
200.0
200.0
200.0
200.0
200.0
200.0
200.0
200.0
200.0
200.0
200.0
200.0
200.0
200.0
200.0
200.0
200.0
200.0
200.0
200.0
200.0
200.0
200.0
200.0
200.0
200.0
200.0
200.0
200.0
200.0
200.0
200.0
200.0
200.0
200.0
200.0
200.0
200.0
200.0
200.0
200.0
200.0
200.0
200.0
200.0
200.0
200.0
200.0
200.0
200.0
200.0
200.0
200.0
200.0
200.0
200.0
200.0
200.0
200.0
200.0
200.0
200.0
200.0
200.0
200.0
200.0
200.0
200.0
200.0
200.0
200.0
200.0
200.0
200.0
200.0
200.0
200.0
200.0
200.0
200.0
200.0
200.0
200.0
200.0
200.0
200.0
200.0
200.0
200.0
200.0
200.0
200.0
200.0
200.0
200.0
200.0
200.0
200.0
200.0
200.0
200.0
200.0
200.0
200.0
200.0
200.0
200.0
200.0
200.0
200.0
200.0
200.0
200.0
200.0
200.0
200.0
200.0
200.0
200.0
200.0
200.0
200.0
200.0
200.0
200.0
200.0
200.0
200.0
200.0
200.0
200.0
200.0
200.0
200.0
200.0
200.0
200.0
200.0
200.0
200.0
200.0
200.0
200.0
200.0
200.0
200.0
200.0
200.0
200.0
200.0
200.0
200.0
200.0
200.0
200.0
200.0
200.0
200.0
200.0
200.0
200.0
200.0
200.0
200.0
200.0
200.0
200.0
200.0
200.0
200.0
200.0
200.0
200.0
200.0
200.0
200.0
200.0
200.0
200.0
200.0
200.0
200.0
200.0
200.0
200.0
200.0
200.0
200.0
200.0
200.0
200.0
200.0
200.0
200.0
200.0
200.0
200.0
200.0
200.0
200.0
200.0
200.0
200.0
200.0
200.0
200.0
200.0
200.0
200.0
200.0
200.0
200.0
200.0
200.0
200.0
200.0
200.0
200.0
200.0
200.0
200.0
200.0
200.0
200.0
200.0
200.0
200.0
200.0
200.0
200.0
200.0
200.0
200.0
200.0
200.0
200.0
200.0
200.0
200.0
200.0
200.0
200.0
200.0
200.0
200.0
200.0
200.0
200.0
200.0
200.0
200.0
200.0
200.0
200.0
200.0
200.0
200.0
200.0
200.0
200.0
200.0
200.0
200.0
200.0
200.0
200.0
200.0
200.0
200.0
200.0
200.0
200.0
200.0
200.0
200.0
200.0
200.0
200.0
200.0
