16.0
32.0
27.0
14.0
10.0
15.0
38.0
12.0
11.0
29.0
18.0
27.0
32.0
33.0
9.0
49.0
17.0
16.0
37.0
18.0
23.0
18.0
18.0
26.0
19.0
31.0
24.0
23.0
23.0
32.0
30.0
62.0
12.0
19.0
13.0
16.0
26.0
46.0
19.0
22.0
33.0
87.0
24.0
16.0
23.0
27.0
10.0
17.0
23.0
17.0
14.0
72.0
27.0
12.0
14.0
44.0
29.0
11.0
12.0
16.0
11.0
10.0
18.0
17.0
10.0
37.0
35.0
12.0
23.0
11.0
30.0
21.0
14.0
30.0
16.0
15.0
32.0
35.0
10.0
13.0
20.0
13.0
23.0
12.0
11.0
17.0
15.0
15.0
25.0
31.0
31.0
25.0
13.0
12.0
13.0
9.0
11.0
77.0
31.0
12.0
17.0
15.0
13.0
14.0
23.0
31.0
21.0
39.0
23.0
14.0
14.0
12.0
11.0
21.0
33.0
14.0
35.0
25.0
11.0
14.0
41.0
15.0
15.0
12.0
10.0
25.0
19.0
15.0
26.0
14.0
19.0
21.0
9.0
20.0
13.0
9.0
13.0
26.0
36.0
15.0
14.0
17.0
42.0
29.0
12.0
15.0
19.0
11.0
16.0
77.0
18.0
23.0
13.0
9.0
13.0
77.0
26.0
29.0
21.0
29.0
11.0
12.0
18.0
31.0
21.0
14.0
17.0
33.0
16.0
11.0
11.0
19.0
31.0
16.0
13.0
24.0
18.0
11.0
27.0
11.0
25.0
20.0
23.0
24.0
33.0
23.0
22.0
13.0
21.0
18.0
23.0
34.0
16.0
22.0
20.0
11.0
12.0
15.0
23.0
14.0
23.0
21.0
18.0
19.0
57.0
31.0
24.0
18.0
44.0
31.0
26.0
27.0
18.0
23.0
15.0
14.0
14.0
55.0
23.0
25.0
26.0
30.0
17.0
13.0
12.0
23.0
23.0
27.0
18.0
18.0
34.0
30.0
20.0
14.0
33.0
25.0
22.0
22.0
32.0
28.0
39.0
57.0
29.0
39.0
31.0
48.0
29.0
46.0
22.0
36.0
33.0
25.0
24.0
49.0
17.0
16.0
30.0
35.0
18.0
26.0
116.0
24.0
25.0
21.0
23.0
52.0
37.0
35.0
54.0
33.0
29.0
39.0
68.0
46.0
38.0
44.0
29.0
23.0
37.0
67.0
31.0
44.0
29.0
59.0
68.0
93.0
32.0
83.0
45.0
87.0
94.0
53.0
125.0
63.0
56.0
107.0
83.0
45.0
77.0
54.0
105.0
90.0
146.0
70.0
66.0
197.0
75.0
140.0
105.0
185.0
119.0
118.0
105.0
75.0
113.0
143.0
106.0
101.0
200.0
158.0
200.0
200.0
200.0
130.0
191.0
178.0
171.0
171.0
162.0
188.0
138.0
156.0
200.0
125.0
199.0
200.0
200.0
200.0
200.0
173.0
182.0
200.0
190.0
200.0
200.0
144.0
200.0
200.0
179.0
200.0
200.0
178.0
200.0
183.0
199.0
200.0
200.0
200.0
200.0
200.0
200.0
200.0
186.0
200.0
200.0
200.0
200.0
200.0
200.0
200.0
197.0
200.0
196.0
187.0
200.0
200.0
200.0
200.0
200.0
198.0
200.0
200.0
182.0
172.0
200.0
200.0
200.0
171.0
165.0
182.0
200.0
200.0
200.0
195.0
200.0
179.0
200.0
200.0
182.0
170.0
200.0
200.0
159.0
163.0
199.0
162.0
200.0
200.0
200.0
200.0
200.0
200.0
145.0
200.0
200.0
200.0
200.0
200.0
167.0
200.0
170.0
199.0
200.0
200.0
200.0
200.0
187.0
200.0
200.0
200.0
200.0
200.0
200.0
169.0
200.0
184.0
200.0
200.0
200.0
186.0
200.0
200.0
200.0
200.0
195.0
200.0
200.0
200.0
200.0
162.0
193.0
200.0
200.0
200.0
200.0
200.0
200.0
173.0
200.0
200.0
200.0
200.0
200.0
200.0
200.0
200.0
190.0
200.0
200.0
162.0
160.0
169.0
200.0
200.0
200.0
159.0
154.0
167.0
165.0
149.0
191.0
200.0
157.0
193.0
149.0
200.0
200.0
147.0
151.0
200.0
146.0
159.0
188.0
150.0
148.0
177.0
200.0
150.0
148.0
127.0
162.0
185.0
167.0
141.0
187.0
141.0
165.0
150.0
153.0
152.0
169.0
137.0
141.0
141.0
145.0
173.0
120.0
141.0
124.0
165.0
158.0
115.0
140.0
152.0
151.0
151.0
125.0
143.0
130.0
119.0
129.0
128.0
137.0
172.0
135.0
135.0
154.0
129.0
110.0
141.0
117.0
126.0
111.0
134.0
131.0
122.0
107.0
113.0
137.0
109.0
124.0
119.0
117.0
133.0
140.0
112.0
111.0
125.0
131.0
119.0
131.0
131.0
114.0
123.0
121.0
110.0
125.0
103.0
114.0
131.0
115.0
135.0
121.0
137.0
153.0
138.0
147.0
131.0
140.0
194.0
159.0
154.0
170.0
159.0
181.0
127.0
124.0
135.0
149.0
178.0
150.0
174.0
162.0
162.0
178.0
200.0
200.0
173.0
156.0
156.0
130.0
168.0
139.0
165.0
200.0
158.0
148.0
200.0
200.0
190.0
166.0
183.0
200.0
168.0
154.0
187.0
138.0
158.0
172.0
150.0
136.0
128.0
156.0
160.0
176.0
175.0
175.0
145.0
157.0
180.0
200.0
130.0
140.0
140.0
200.0
152.0
200.0
148.0
182.0
198.0
151.0
148.0
192.0
129.0
170.0
155.0
159.0
137.0
153.0
182.0
133.0
155.0
200.0
175.0
140.0
151.0
146.0
145.0
137.0
168.0
200.0
172.0
138.0
176.0
162.0
139.0
150.0
149.0
168.0
178.0
133.0
157.0
142.0
176.0
148.0
155.0
165.0
141.0
152.0
153.0
148.0
157.0
151.0
131.0
180.0
153.0
144.0
164.0
148.0
151.0
167.0
152.0
136.0
139.0
157.0
136.0
172.0
158.0
179.0
137.0
165.0
165.0
162.0
155.0
171.0
141.0
161.0
147.0
142.0
149.0
145.0
152.0
176.0
183.0
168.0
140.0
144.0
179.0
144.0
142.0
155.0
158.0
156.0
166.0
147.0
174.0
166.0
200.0
160.0
200.0
182.0
176.0
182.0
200.0
200.0
200.0
200.0
187.0
182.0
200.0
189.0
200.0
182.0
193.0
200.0
195.0
200.0
200.0
184.0
200.0
200.0
200.0
200.0
200.0
200.0
200.0
200.0
200.0
200.0
200.0
200.0
200.0
200.0
200.0
200.0
200.0
200.0
200.0
200.0
200.0
200.0
200.0
200.0
200.0
200.0
200.0
200.0
200.0
200.0
200.0
200.0
200.0
200.0
200.0
200.0
200.0
200.0
200.0
200.0
200.0
200.0
200.0
200.0
200.0
200.0
200.0
200.0
200.0
200.0
200.0
200.0
200.0
200.0
200.0
200.0
200.0
200.0
200.0
200.0
200.0
200.0
200.0
200.0
200.0
200.0
200.0
200.0
200.0
200.0
200.0
200.0
200.0
200.0
200.0
200.0
200.0
200.0
200.0
200.0
200.0
200.0
200.0
200.0
200.0
200.0
200.0
200.0
200.0
200.0
200.0
200.0
200.0
200.0
200.0
200.0
200.0
200.0
200.0
200.0
200.0
200.0
200.0
200.0
200.0
200.0
200.0
200.0
200.0
200.0
200.0
200.0
200.0
200.0
200.0
200.0
200.0
200.0
200.0
200.0
200.0
200.0
200.0
200.0
200.0
200.0
200.0
200.0
200.0
200.0
200.0
200.0
200.0
200.0
200.0
200.0
200.0
200.0
200.0
200.0
200.0
200.0
200.0
200.0
200.0
200.0
200.0
200.0
200.0
200.0
200.0
200.0
200.0
200.0
200.0
200.0
200.0
200.0
200.0
200.0
200.0
200.0
200.0
200.0
200.0
200.0
200.0
200.0
200.0
200.0
200.0
200.0
200.0
200.0
200.0
200.0
200.0
200.0
200.0
200.0
200.0
200.0
200.0
200.0
200.0
200.0
200.0
200.0
200.0
200.0
200.0
200.0
200.0
200.0
200.0
200.0
200.0
200.0
200.0
200.0
200.0
200.0
200.0
200.0
200.0
200.0
200.0
200.0
200.0
200.0
200.0
200.0
200.0
200.0
200.0
200.0
200.0
200.0
200.0
200.0
200.0
200.0
200.0
200.0
200.0
200.0
200.0
200.0
200.0
200.0
200.0
200.0
200.0
200.0
200.0
200.0
200.0
200.0
200.0
200.0
200.0
200.0
200.0
200.0
200.0
200.0
200.0
200.0
200.0
200.0
200.0
200.0
200.0
200.0
200.0
200.0
200.0
200.0
200.0
200.0
200.0
200.0
200.0
200.0
200.0
200.0
200.0
200.0
200.0
200.0
200.0
200.0
200.0
200.0
200.0
200.0
200.0
200.0
200.0
200.0
200.0
200.0
200.0
200.0
200.0
200.0
200.0
200.0
200.0
200.0
200.0
200.0
200.0
200.0
200.0
200.0
200.0
200.0
200.0
200.0
200.0
200.0
200.0
200.0
200.0
200.0
200.0
200.0
200.0
200.0
200.0
200.0
200.0
200.0
200.0
200.0
200.0
200.0
200.0
200.0
200.0
200.0
200.0
200.0
200.0
200.0
200.0
200.0
200.0
200.0
200.0
200.0
200.0
200.0
200.0
200.0
200.0
200.0
200.0
200.0
200.0
200.0
200.0
200.0
200.0
200.0
200.0
200.0
200.0
200.0
200.0
200.0
200.0
200.0
200.0
200.0
200.0
200.0
200.0
200.0
200.0
200.0
200.0
200.0
200.0
200.0
200.0
200.0
200.0
200.0
200.0
200.0
200.0
200.0
200.0
200.0
200.0
200.0
200.0
200.0
200.0
200.0
200.0
200.0
200.0
200.0
200.0
200.0
200.0
200.0
200.0
200.0
200.0
200.0
200.0
200.0
200.0
200.0
200.0
200.0
200.0
200.0
200.0
200.0
200.0
200.0
200.0
200.0
200.0
200.0
200.0
200.0
200.0
200.0
200.0
200.0
200.0
200.0
200.0
200.0
200.0
200.0
200.0
200.0
200.0
200.0
200.0
200.0
200.0
200.0
200.0
200.0
200.0
200.0
200.0
200.0
200.0
200.0
200.0
200.0
200.0
200.0
200.0
200.0
200.0
200.0
200.0
200.0
200.0
200.0
200.0
200.0
200.0
200.0
200.0
200.0
200.0
200.0
200.0
200.0
200.0
200.0
200.0
200.0
200.0
200.0
200.0
200.0
200.0
200.0
200.0
200.0
200.0
200.0
200.0
200.0
200.0
200.0
200.0
200.0
200.0
200.0
200.0
200.0
200.0
200.0
200.0
200.0
200.0
200.0
200.0
200.0
200.0
200.0
200.0
200.0
200.0
200.0
200.0
200.0
200.0
200.0
200.0
200.0
200.0
200.0
200.0
200.0
200.0
200.0
200.0
200.0
200.0
200.0
200.0
200.0
200.0
200.0
200.0
200.0
200.0
200.0
200.0
200.0
200.0
200.0
200.0
200.0
200.0
200.0
200.0
200.0
200.0
200.0
200.0
200.0
200.0
200.0
200.0
200.0
200.0
200.0
200.0
200.0
200.0
200.0
200.0
200.0
200.0
200.0
200.0
200.0
200.0
200.0
200.0
200.0
200.0
200.0
200.0
200.0
200.0
200.0
200.0
200.0
200.0
200.0
200.0
200.0
200.0
200.0
200.0
200.0
200.0
200.0
200.0
200.0
200.0
200.0
200.0
200.0
200.0
200.0
200.0
200.0
200.0
200.0
200.0
200.0
200.0
200.0
200.0
200.0
200.0
200.0
200.0
200.0
200.0
200.0
200.0
200.0
200.0
200.0
200.0
200.0
200.0
200.0
200.0
200.0
200.0
200.0
200.0
200.0
200.0
200.0
200.0
200.0
200.0
200.0
200.0
200.0
200.0
200.0
200.0
200.0
200.0
200.0
200.0
200.0
200.0
200.0
200.0
200.0
200.0
200.0
200.0
200.0
200.0
200.0
200.0
200.0
200.0
200.0
200.0
200.0
200.0
200.0
200.0
200.0
200.0
200.0
200.0
200.0
200.0
200.0
200.0
200.0
200.0
200.0
200.0
200.0
200.0
200.0
200.0
200.0
200.0
200.0
200.0
200.0
200.0
200.0
200.0
200.0
200.0
200.0
200.0
200.0
200.0
200.0
200.0
200.0
200.0
200.0
200.0
200.0
200.0
200.0
200.0
200.0
200.0
200.0
200.0
200.0
200.0
200.0
200.0
200.0
200.0
200.0
200.0
200.0
200.0
200.0
200.0
200.0
200.0
200.0
200.0
200.0
200.0
200.0
200.0
200.0
200.0
200.0
200.0
200.0
200.0
200.0
200.0
200.0
200.0
200.0
200.0
200.0
200.0
200.0
200.0
200.0
200.0
200.0
200.0
200.0
200.0
200.0
200.0
200.0
200.0
200.0
200.0
200.0
200.0
200.0
200.0
200.0
200.0
200.0
200.0
200.0
200.0
200.0
200.0
200.0
200.0
200.0
200.0
200.0
200.0
200.0
200.0
200.0
200.0
200.0
200.0
200.0
200.0
200.0
200.0
200.0
200.0
200.0
200.0
200.0
200.0
200.0
200.0
200.0
200.0
200.0
200.0
200.0
200.0
200.0
200.0
200.0
200.0
200.0
200.0
200.0
200.0
200.0
200.0
200.0
200.0
200.0
200.0
200.0
200.0
200.0
200.0
200.0
200.0
200.0
200.0
200.0
200.0
200.0
200.0
200.0
200.0
200.0
200.0
200.0
200.0
200.0
200.0
200.0
200.0
200.0
200.0
200.0
200.0
200.0
200.0
200.0
200.0
200.0
200.0
200.0
200.0
200.0
200.0
200.0
200.0
200.0
200.0
200.0
200.0
200.0
200.0
200.0
200.0
200.0
200.0
200.0
200.0
200.0
200.0
200.0
200.0
200.0
200.0
200.0
200.0
200.0
200.0
200.0
200.0
200.0
200.0
200.0
200.0
200.0
200.0
200.0
200.0
200.0
200.0
200.0
200.0
200.0
200.0
200.0
200.0
200.0
200.0
200.0
200.0
200.0
200.0
200.0
200.0
200.0
200.0
200.0
200.0
200.0
200.0
200.0
200.0
200.0
200.0
200.0
200.0
200.0
200.0
200.0
200.0
200.0
200.0
200.0
200.0
200.0
200.0
200.0
200.0
200.0
200.0
200.0
200.0
200.0
200.0
200.0
200.0
200.0
200.0
200.0
200.0
200.0
200.0
200.0
200.0
200.0
200.0
200.0
200.0
200.0
200.0
200.0
200.0
200.0
200.0
200.0
200.0
200.0
200.0
200.0
200.0
200.0
200.0
200.0
200.0
200.0
200.0
200.0
200.0
200.0
200.0
200.0
200.0
200.0
200.0
200.0
200.0
200.0
200.0
200.0
200.0
200.0
200.0
200.0
200.0
200.0
200.0
200.0
200.0
200.0
200.0
200.0
200.0
200.0
200.0
200.0
200.0
200.0
200.0
200.0
200.0
200.0
200.0
200.0
200.0
200.0
200.0
200.0
200.0
200.0
200.0
200.0
200.0
200.0
200.0
200.0
200.0
200.0
200.0
200.0
200.0
200.0
200.0
200.0
200.0
200.0
200.0
200.0
200.0
200.0
200.0
200.0
200.0
200.0
200.0
200.0
200.0
200.0
200.0
200.0
200.0
200.0
200.0
200.0
200.0
200.0
200.0
200.0
200.0
200.0
200.0
200.0
200.0
200.0
200.0
200.0
200.0
200.0
200.0
200.0
200.0
200.0
200.0
200.0
200.0
200.0
200.0
200.0
200.0
200.0
200.0
200.0
200.0
200.0
200.0
200.0
200.0
200.0
200.0
200.0
200.0
200.0
200.0
200.0
200.0
200.0
200.0
200.0
200.0
200.0
200.0
200.0
200.0
200.0
200.0
200.0
200.0
200.0
200.0
200.0
200.0
200.0
200.0
200.0
200.0
200.0
200.0
200.0
200.0
200.0
200.0
200.0
200.0
200.0
200.0
200.0
200.0
200.0
200.0
200.0
200.0
200.0
200.0
200.0
200.0
200.0
200.0
200.0
200.0
200.0
200.0
200.0
200.0
200.0
200.0
200.0
200.0
200.0
200.0
200.0
200.0
200.0
200.0
200.0
200.0
200.0
200.0
200.0
200.0
200.0
200.0
200.0
200.0
200.0
200.0
200.0
200.0
200.0
200.0
200.0
200.0
200.0
200.0
200.0
200.0
200.0
200.0
200.0
200.0
200.0
200.0
200.0
200.0
200.0
200.0
200.0
200.0
200.0
200.0
200.0
200.0
200.0
200.0
200.0
200.0
200.0
200.0
200.0
200.0
200.0
200.0
200.0
200.0
200.0
200.0
200.0
200.0
200.0
200.0
200.0
200.0
200.0
200.0
200.0
200.0
200.0
200.0
200.0
200.0
200.0
200.0
200.0
200.0
200.0
200.0
200.0
200.0
200.0
200.0
200.0
200.0
200.0
200.0
200.0
200.0
200.0
200.0
200.0
200.0
200.0
200.0
200.0
200.0
200.0
200.0
200.0
200.0
200.0
200.0
200.0
200.0
200.0
200.0
200.0
200.0
200.0
200.0
200.0
200.0
200.0
200.0
200.0
200.0
200.0
200.0
200.0
200.0
200.0
200.0
200.0
200.0
200.0
200.0
200.0
200.0
200.0
200.0
200.0
200.0
200.0
200.0
200.0
200.0
200.0
200.0
