13.0
10.0
38.0
28.0
21.0
16.0
43.0
62.0
13.0
9.0
17.0
21.0
15.0
33.0
26.0
19.0
22.0
31.0
13.0
21.0
37.0
10.0
20.0
12.0
40.0
15.0
12.0
15.0
16.0
11.0
20.0
12.0
13.0
10.0
11.0
28.0
24.0
12.0
13.0
18.0
18.0
39.0
10.0
27.0
28.0
17.0
27.0
11.0
21.0
14.0
24.0
23.0
17.0
13.0
10.0
13.0
12.0
14.0
14.0
29.0
19.0
21.0
16.0
20.0
71.0
13.0
24.0
22.0
9.0
15.0
17.0
27.0
20.0
29.0
21.0
25.0
23.0
43.0
21.0
19.0
25.0
72.0
21.0
35.0
28.0
36.0
15.0
43.0
18.0
14.0
10.0
17.0
15.0
11.0
19.0
11.0
19.0
28.0
27.0
13.0
20.0
14.0
13.0
22.0
10.0
27.0
17.0
35.0
24.0
13.0
10.0
19.0
19.0
38.0
13.0
14.0
10.0
24.0
24.0
18.0
25.0
19.0
21.0
18.0
13.0
13.0
20.0
12.0
29.0
21.0
15.0
13.0
15.0
21.0
20.0
13.0
16.0
29.0
13.0
17.0
16.0
17.0
13.0
15.0
15.0
30.0
19.0
22.0
14.0
36.0
12.0
10.0
26.0
38.0
10.0
13.0
12.0
16.0
10.0
15.0
28.0
15.0
10.0
24.0
20.0
13.0
20.0
12.0
25.0
17.0
20.0
20.0
24.0
18.0
14.0
21.0
15.0
18.0
15.0
15.0
18.0
24.0
16.0
21.0
39.0
19.0
16.0
13.0
9.0
13.0
12.0
17.0
21.0
24.0
11.0
20.0
10.0
22.0
10.0
10.0
11.0
16.0
22.0
16.0
14.0
24.0
18.0
15.0
15.0
35.0
41.0
18.0
17.0
27.0
19.0
17.0
23.0
11.0
21.0
30.0
15.0
20.0
18.0
34.0
78.0
24.0
14.0
21.0
20.0
23.0
14.0
15.0
11.0
12.0
16.0
14.0
26.0
17.0
18.0
10.0
22.0
38.0
13.0
16.0
20.0
44.0
11.0
17.0
16.0
18.0
14.0
22.0
73.0
15.0
22.0
22.0
15.0
36.0
21.0
42.0
21.0
35.0
20.0
22.0
16.0
20.0
32.0
18.0
35.0
23.0
23.0
26.0
22.0
20.0
31.0
18.0
26.0
26.0
28.0
23.0
39.0
31.0
39.0
20.0
30.0
17.0
29.0
14.0
22.0
40.0
30.0
28.0
21.0
21.0
25.0
20.0
26.0
32.0
20.0
40.0
36.0
31.0
19.0
43.0
28.0
40.0
26.0
40.0
31.0
21.0
63.0
24.0
27.0
25.0
34.0
29.0
24.0
32.0
37.0
42.0
26.0
27.0
34.0
34.0
34.0
36.0
27.0
56.0
35.0
38.0
30.0
34.0
57.0
38.0
50.0
27.0
27.0
40.0
46.0
38.0
31.0
66.0
44.0
48.0
37.0
24.0
17.0
35.0
29.0
45.0
31.0
57.0
36.0
32.0
43.0
47.0
51.0
42.0
24.0
57.0
46.0
29.0
46.0
30.0
55.0
43.0
43.0
36.0
41.0
39.0
36.0
42.0
54.0
175.0
67.0
130.0
121.0
51.0
82.0
54.0
65.0
59.0
78.0
60.0
60.0
97.0
77.0
91.0
92.0
111.0
62.0
80.0
74.0
108.0
81.0
146.0
83.0
99.0
200.0
131.0
123.0
126.0
126.0
120.0
200.0
131.0
117.0
119.0
130.0
135.0
137.0
94.0
106.0
145.0
115.0
141.0
200.0
120.0
113.0
184.0
200.0
115.0
196.0
142.0
121.0
148.0
187.0
105.0
176.0
200.0
200.0
113.0
105.0
130.0
115.0
97.0
117.0
128.0
102.0
96.0
103.0
124.0
127.0
135.0
138.0
200.0
115.0
115.0
116.0
132.0
91.0
120.0
123.0
95.0
94.0
115.0
114.0
107.0
126.0
99.0
147.0
106.0
121.0
120.0
143.0
106.0
130.0
141.0
128.0
200.0
101.0
124.0
140.0
132.0
146.0
149.0
138.0
108.0
147.0
153.0
200.0
174.0
130.0
145.0
196.0
126.0
127.0
134.0
141.0
141.0
133.0
110.0
148.0
163.0
130.0
137.0
144.0
143.0
160.0
119.0
131.0
129.0
200.0
200.0
170.0
136.0
147.0
200.0
130.0
147.0
140.0
154.0
136.0
138.0
129.0
124.0
144.0
137.0
139.0
177.0
200.0
163.0
199.0
200.0
200.0
142.0
200.0
200.0
200.0
179.0
200.0
161.0
150.0
200.0
181.0
200.0
200.0
187.0
200.0
200.0
200.0
200.0
200.0
200.0
172.0
200.0
173.0
177.0
200.0
165.0
199.0
179.0
200.0
200.0
200.0
200.0
187.0
200.0
200.0
200.0
200.0
200.0
200.0
200.0
175.0
179.0
200.0
187.0
182.0
200.0
194.0
200.0
199.0
200.0
158.0
183.0
178.0
200.0
200.0
182.0
146.0
191.0
136.0
169.0
200.0
151.0
172.0
133.0
169.0
172.0
186.0
184.0
157.0
158.0
150.0
168.0
145.0
197.0
132.0
141.0
144.0
164.0
138.0
150.0
148.0
130.0
135.0
137.0
139.0
150.0
146.0
166.0
170.0
156.0
134.0
179.0
149.0
155.0
160.0
172.0
144.0
168.0
169.0
161.0
160.0
164.0
159.0
165.0
137.0
141.0
200.0
143.0
125.0
145.0
176.0
119.0
126.0
142.0
130.0
153.0
126.0
125.0
113.0
140.0
122.0
140.0
133.0
116.0
116.0
118.0
125.0
131.0
133.0
117.0
124.0
122.0
123.0
133.0
125.0
131.0
125.0
138.0
131.0
120.0
116.0
126.0
148.0
131.0
129.0
147.0
135.0
158.0
134.0
127.0
148.0
125.0
130.0
162.0
143.0
146.0
139.0
141.0
128.0
134.0
135.0
154.0
138.0
155.0
172.0
137.0
161.0
140.0
150.0
141.0
150.0
148.0
136.0
150.0
144.0
168.0
139.0
167.0
129.0
158.0
134.0
156.0
200.0
127.0
161.0
151.0
141.0
139.0
147.0
149.0
189.0
176.0
158.0
144.0
161.0
200.0
180.0
160.0
162.0
160.0
160.0
143.0
173.0
200.0
200.0
147.0
164.0
153.0
156.0
175.0
167.0
200.0
200.0
200.0
148.0
165.0
174.0
200.0
161.0
200.0
166.0
185.0
186.0
146.0
179.0
160.0
200.0
189.0
200.0
190.0
200.0
146.0
200.0
200.0
147.0
158.0
145.0
200.0
200.0
151.0
187.0
162.0
184.0
152.0
174.0
172.0
169.0
200.0
184.0
149.0
164.0
185.0
175.0
150.0
168.0
195.0
187.0
200.0
148.0
163.0
190.0
184.0
181.0
200.0
196.0
166.0
172.0
200.0
167.0
181.0
183.0
187.0
198.0
200.0
187.0
193.0
200.0
200.0
200.0
146.0
200.0
163.0
173.0
200.0
195.0
195.0
200.0
200.0
133.0
200.0
122.0
150.0
200.0
200.0
200.0
196.0
200.0
200.0
200.0
182.0
200.0
200.0
181.0
200.0
200.0
200.0
200.0
200.0
200.0
200.0
200.0
200.0
175.0
200.0
200.0
200.0
134.0
182.0
200.0
178.0
199.0
200.0
174.0
200.0
200.0
200.0
162.0
200.0
199.0
151.0
200.0
200.0
200.0
200.0
162.0
156.0
164.0
166.0
200.0
200.0
200.0
200.0
200.0
200.0
200.0
200.0
200.0
200.0
200.0
200.0
200.0
200.0
200.0
200.0
200.0
200.0
200.0
200.0
200.0
200.0
200.0
200.0
200.0
200.0
200.0
200.0
200.0
200.0
200.0
200.0
200.0
200.0
200.0
200.0
200.0
200.0
200.0
200.0
200.0
200.0
200.0
200.0
200.0
200.0
200.0
200.0
200.0
200.0
200.0
200.0
200.0
200.0
200.0
200.0
200.0
200.0
200.0
200.0
200.0
200.0
200.0
200.0
200.0
200.0
200.0
200.0
200.0
200.0
200.0
200.0
200.0
200.0
200.0
200.0
200.0
200.0
200.0
200.0
200.0
200.0
200.0
200.0
200.0
200.0
200.0
200.0
200.0
200.0
200.0
200.0
200.0
200.0
200.0
200.0
200.0
200.0
200.0
200.0
200.0
200.0
200.0
200.0
200.0
200.0
200.0
200.0
200.0
200.0
200.0
200.0
200.0
200.0
200.0
200.0
200.0
200.0
200.0
200.0
200.0
200.0
200.0
200.0
200.0
200.0
200.0
200.0
200.0
200.0
200.0
200.0
200.0
200.0
200.0
200.0
200.0
200.0
200.0
200.0
200.0
200.0
200.0
200.0
200.0
200.0
200.0
200.0
200.0
200.0
200.0
200.0
200.0
200.0
200.0
200.0
200.0
200.0
200.0
200.0
200.0
200.0
200.0
200.0
200.0
200.0
200.0
200.0
200.0
200.0
200.0
200.0
200.0
200.0
200.0
200.0
200.0
200.0
200.0
200.0
200.0
200.0
200.0
200.0
200.0
200.0
200.0
200.0
200.0
200.0
200.0
200.0
200.0
200.0
200.0
200.0
200.0
200.0
200.0
200.0
200.0
200.0
200.0
200.0
200.0
200.0
200.0
200.0
200.0
200.0
200.0
200.0
200.0
200.0
200.0
200.0
200.0
200.0
200.0
200.0
200.0
200.0
200.0
200.0
200.0
200.0
200.0
200.0
200.0
200.0
200.0
200.0
200.0
200.0
200.0
200.0
200.0
200.0
200.0
200.0
200.0
200.0
200.0
200.0
200.0
200.0
200.0
200.0
200.0
200.0
200.0
200.0
200.0
200.0
200.0
200.0
200.0
200.0
200.0
200.0
200.0
200.0
200.0
200.0
200.0
200.0
200.0
200.0
200.0
200.0
200.0
200.0
200.0
200.0
200.0
200.0
200.0
200.0
200.0
200.0
200.0
200.0
200.0
200.0
200.0
200.0
200.0
200.0
200.0
200.0
200.0
200.0
200.0
200.0
200.0
200.0
200.0
200.0
200.0
200.0
200.0
200.0
200.0
200.0
200.0
200.0
200.0
200.0
200.0
200.0
200.0
200.0
200.0
200.0
200.0
200.0
200.0
200.0
200.0
200.0
200.0
200.0
200.0
200.0
200.0
200.0
200.0
200.0
200.0
200.0
200.0
200.0
200.0
200.0
200.0
200.0
200.0
200.0
200.0
200.0
200.0
200.0
200.0
200.0
200.0
200.0
200.0
200.0
200.0
200.0
200.0
200.0
200.0
200.0
200.0
200.0
200.0
200.0
200.0
200.0
200.0
200.0
200.0
200.0
200.0
200.0
200.0
200.0
200.0
200.0
200.0
200.0
200.0
200.0
200.0
200.0
200.0
200.0
200.0
200.0
200.0
200.0
200.0
200.0
200.0
200.0
200.0
200.0
200.0
200.0
200.0
200.0
200.0
200.0
200.0
200.0
200.0
200.0
200.0
200.0
200.0
200.0
200.0
200.0
200.0
200.0
200.0
200.0
200.0
200.0
200.0
200.0
200.0
200.0
200.0
200.0
200.0
200.0
200.0
200.0
200.0
200.0
200.0
200.0
200.0
200.0
200.0
200.0
200.0
200.0
200.0
200.0
200.0
200.0
200.0
200.0
200.0
200.0
200.0
200.0
200.0
200.0
200.0
200.0
200.0
200.0
200.0
200.0
200.0
200.0
200.0
200.0
200.0
200.0
200.0
200.0
200.0
200.0
200.0
200.0
200.0
200.0
200.0
200.0
200.0
200.0
200.0
200.0
200.0
200.0
200.0
200.0
200.0
200.0
200.0
200.0
200.0
200.0
200.0
200.0
200.0
200.0
200.0
200.0
200.0
200.0
200.0
200.0
200.0
200.0
200.0
200.0
200.0
200.0
200.0
200.0
200.0
200.0
200.0
200.0
200.0
200.0
200.0
200.0
200.0
200.0
200.0
200.0
200.0
200.0
200.0
200.0
200.0
200.0
200.0
200.0
200.0
200.0
200.0
200.0
200.0
200.0
200.0
200.0
200.0
200.0
200.0
200.0
200.0
200.0
200.0
200.0
200.0
200.0
200.0
200.0
200.0
200.0
200.0
200.0
200.0
200.0
200.0
200.0
200.0
200.0
200.0
200.0
200.0
200.0
200.0
200.0
200.0
200.0
200.0
200.0
200.0
200.0
200.0
200.0
200.0
200.0
200.0
200.0
200.0
200.0
200.0
200.0
200.0
200.0
200.0
200.0
200.0
200.0
200.0
200.0
200.0
200.0
200.0
200.0
200.0
200.0
200.0
200.0
200.0
200.0
200.0
200.0
200.0
200.0
200.0
200.0
200.0
200.0
200.0
200.0
200.0
200.0
200.0
200.0
200.0
200.0
200.0
200.0
200.0
200.0
200.0
200.0
200.0
200.0
200.0
200.0
200.0
200.0
200.0
200.0
200.0
200.0
200.0
200.0
200.0
200.0
200.0
200.0
200.0
200.0
200.0
200.0
200.0
200.0
200.0
200.0
200.0
200.0
200.0
200.0
200.0
200.0
200.0
200.0
200.0
200.0
200.0
200.0
200.0
200.0
200.0
200.0
200.0
200.0
200.0
200.0
200.0
200.0
200.0
200.0
200.0
200.0
200.0
200.0
200.0
200.0
200.0
200.0
200.0
200.0
200.0
200.0
200.0
200.0
200.0
200.0
200.0
200.0
200.0
200.0
200.0
200.0
200.0
200.0
200.0
200.0
200.0
200.0
200.0
200.0
200.0
200.0
200.0
200.0
200.0
200.0
200.0
200.0
200.0
200.0
200.0
200.0
200.0
200.0
200.0
200.0
200.0
200.0
200.0
200.0
200.0
200.0
200.0
200.0
200.0
200.0
200.0
200.0
200.0
200.0
200.0
200.0
200.0
200.0
200.0
200.0
200.0
200.0
200.0
200.0
200.0
200.0
200.0
200.0
200.0
200.0
200.0
200.0
200.0
200.0
200.0
200.0
200.0
200.0
200.0
200.0
200.0
200.0
200.0
200.0
200.0
200.0
200.0
200.0
200.0
200.0
200.0
200.0
200.0
200.0
200.0
200.0
200.0
200.0
200.0
200.0
200.0
200.0
200.0
200.0
200.0
200.0
200.0
200.0
200.0
200.0
200.0
200.0
200.0
200.0
200.0
200.0
200.0
200.0
200.0
200.0
200.0
200.0
200.0
200.0
200.0
200.0
200.0
200.0
200.0
200.0
200.0
200.0
200.0
200.0
200.0
200.0
200.0
200.0
200.0
200.0
200.0
200.0
200.0
200.0
200.0
200.0
200.0
200.0
200.0
200.0
200.0
200.0
200.0
200.0
200.0
200.0
200.0
200.0
200.0
200.0
200.0
200.0
200.0
200.0
200.0
200.0
200.0
200.0
200.0
200.0
200.0
200.0
200.0
200.0
200.0
200.0
200.0
200.0
200.0
200.0
200.0
200.0
200.0
200.0
200.0
200.0
200.0
200.0
200.0
200.0
200.0
200.0
200.0
200.0
200.0
200.0
200.0
200.0
200.0
200.0
200.0
200.0
200.0
200.0
200.0
200.0
200.0
200.0
200.0
200.0
200.0
200.0
200.0
200.0
200.0
200.0
200.0
200.0
200.0
200.0
200.0
200.0
200.0
200.0
200.0
200.0
200.0
200.0
200.0
200.0
200.0
200.0
200.0
200.0
200.0
200.0
200.0
200.0
200.0
200.0
200.0
200.0
200.0
200.0
200.0
200.0
200.0
200.0
200.0
200.0
200.0
200.0
200.0
200.0
200.0
200.0
200.0
200.0
200.0
200.0
200.0
200.0
200.0
200.0
200.0
200.0
200.0
200.0
200.0
200.0
200.0
200.0
200.0
200.0
200.0
200.0
200.0
200.0
200.0
200.0
200.0
200.0
200.0
200.0
200.0
200.0
200.0
200.0
200.0
200.0
200.0
200.0
200.0
200.0
200.0
200.0
200.0
200.0
200.0
200.0
200.0
200.0
200.0
200.0
200.0
200.0
200.0
200.0
200.0
200.0
200.0
200.0
200.0
200.0
200.0
200.0
200.0
200.0
200.0
200.0
200.0
200.0
200.0
200.0
200.0
200.0
200.0
200.0
200.0
200.0
200.0
200.0
200.0
200.0
200.0
200.0
200.0
200.0
200.0
200.0
200.0
200.0
200.0
200.0
200.0
200.0
200.0
200.0
200.0
200.0
200.0
200.0
200.0
200.0
200.0
200.0
200.0
200.0
200.0
200.0
200.0
200.0
200.0
200.0
200.0
200.0
200.0
200.0
200.0
200.0
200.0
200.0
200.0
200.0
200.0
200.0
200.0
200.0
200.0
200.0
200.0
200.0
200.0
200.0
200.0
200.0
200.0
200.0
200.0
200.0
200.0
200.0
200.0
200.0
200.0
200.0
200.0
200.0
200.0
200.0
200.0
200.0
200.0
200.0
200.0
200.0
200.0
200.0
200.0
200.0
200.0
200.0
200.0
200.0
200.0
200.0
200.0
200.0
200.0
200.0
200.0
200.0
200.0
200.0
200.0
200.0
200.0
200.0
200.0
200.0
200.0
200.0
200.0
200.0
200.0
200.0
200.0
200.0
200.0
200.0
200.0
200.0
200.0
200.0
200.0
200.0
200.0
200.0
200.0
200.0
200.0
200.0
200.0
200.0
200.0
200.0
200.0
200.0
200.0
200.0
200.0
200.0
200.0
200.0
200.0
200.0
200.0
200.0
200.0
200.0
200.0
200.0
200.0
200.0
200.0
200.0
