15.0
12.0
8.0
10.0
12.0
31.0
26.0
14.0
23.0
8.0
15.0
17.0
14.0
23.0
67.0
25.0
10.0
54.0
14.0
13.0
11.0
12.0
18.0
14.0
35.0
17.0
13.0
29.0
16.0
28.0
20.0
27.0
19.0
27.0
18.0
26.0
15.0
15.0
41.0
9.0
20.0
19.0
11.0
11.0
29.0
10.0
21.0
15.0
10.0
17.0
15.0
32.0
16.0
22.0
19.0
42.0
13.0
29.0
18.0
14.0
22.0
32.0
34.0
17.0
37.0
56.0
19.0
28.0
26.0
26.0
21.0
13.0
26.0
14.0
12.0
17.0
36.0
9.0
10.0
17.0
12.0
14.0
10.0
9.0
18.0
15.0
20.0
22.0
12.0
22.0
18.0
20.0
34.0
14.0
14.0
16.0
9.0
32.0
58.0
43.0
12.0
12.0
47.0
17.0
10.0
10.0
20.0
24.0
12.0
17.0
11.0
9.0
13.0
24.0
12.0
15.0
20.0
16.0
16.0
15.0
26.0
13.0
14.0
22.0
11.0
21.0
13.0
24.0
17.0
17.0
26.0
20.0
21.0
14.0
27.0
28.0
26.0
17.0
11.0
23.0
11.0
14.0
13.0
55.0
18.0
11.0
15.0
18.0
13.0
15.0
22.0
13.0
13.0
15.0
15.0
16.0
11.0
31.0
14.0
12.0
10.0
22.0
19.0
35.0
10.0
12.0
13.0
12.0
23.0
13.0
34.0
12.0
12.0
17.0
49.0
54.0
44.0
17.0
17.0
17.0
13.0
11.0
16.0
25.0
13.0
17.0
12.0
9.0
25.0
10.0
32.0
16.0
13.0
11.0
24.0
21.0
18.0
53.0
14.0
16.0
14.0
10.0
17.0
13.0
9.0
22.0
21.0
20.0
27.0
17.0
101.0
20.0
19.0
23.0
21.0
13.0
15.0
19.0
16.0
16.0
18.0
14.0
21.0
16.0
11.0
18.0
21.0
20.0
18.0
19.0
21.0
28.0
18.0
24.0
121.0
16.0
22.0
15.0
18.0
21.0
15.0
16.0
13.0
23.0
20.0
23.0
12.0
14.0
19.0
20.0
41.0
30.0
30.0
26.0
41.0
24.0
21.0
16.0
43.0
37.0
43.0
11.0
53.0
19.0
33.0
28.0
41.0
32.0
24.0
19.0
23.0
25.0
39.0
25.0
42.0
42.0
52.0
49.0
20.0
21.0
21.0
32.0
44.0
28.0
31.0
53.0
48.0
13.0
26.0
55.0
44.0
67.0
32.0
43.0
24.0
89.0
73.0
51.0
70.0
37.0
29.0
41.0
43.0
66.0
35.0
60.0
42.0
44.0
34.0
58.0
43.0
37.0
48.0
44.0
38.0
32.0
51.0
27.0
38.0
27.0
31.0
86.0
46.0
46.0
30.0
34.0
73.0
39.0
44.0
42.0
38.0
75.0
104.0
45.0
119.0
63.0
45.0
200.0
55.0
116.0
73.0
59.0
39.0
86.0
65.0
80.0
103.0
73.0
54.0
79.0
131.0
60.0
60.0
66.0
89.0
89.0
54.0
200.0
125.0
81.0
200.0
65.0
118.0
159.0
97.0
98.0
98.0
179.0
178.0
200.0
92.0
147.0
106.0
136.0
83.0
142.0
108.0
67.0
167.0
88.0
85.0
111.0
85.0
105.0
109.0
142.0
89.0
88.0
93.0
110.0
91.0
72.0
73.0
129.0
85.0
105.0
137.0
102.0
122.0
125.0
123.0
146.0
111.0
173.0
155.0
171.0
102.0
128.0
107.0
119.0
108.0
129.0
121.0
113.0
116.0
121.0
98.0
112.0
99.0
121.0
116.0
121.0
151.0
145.0
146.0
133.0
131.0
119.0
154.0
113.0
122.0
137.0
124.0
140.0
124.0
133.0
121.0
134.0
122.0
129.0
117.0
124.0
146.0
126.0
133.0
128.0
147.0
171.0
159.0
142.0
145.0
162.0
155.0
155.0
152.0
154.0
154.0
144.0
155.0
159.0
158.0
154.0
151.0
158.0
200.0
181.0
186.0
200.0
172.0
194.0
176.0
190.0
196.0
200.0
200.0
200.0
183.0
200.0
200.0
200.0
192.0
200.0
200.0
187.0
198.0
200.0
200.0
200.0
200.0
196.0
200.0
200.0
200.0
194.0
200.0
175.0
200.0
200.0
200.0
200.0
187.0
183.0
200.0
200.0
200.0
187.0
177.0
200.0
195.0
177.0
200.0
200.0
160.0
194.0
200.0
200.0
200.0
186.0
186.0
200.0
200.0
200.0
200.0
191.0
176.0
200.0
200.0
200.0
200.0
200.0
200.0
200.0
200.0
194.0
200.0
183.0
200.0
200.0
200.0
194.0
200.0
200.0
200.0
187.0
200.0
200.0
200.0
200.0
200.0
200.0
200.0
200.0
200.0
200.0
200.0
200.0
200.0
200.0
200.0
200.0
200.0
200.0
200.0
200.0
200.0
200.0
200.0
200.0
200.0
200.0
189.0
200.0
200.0
189.0
168.0
198.0
200.0
200.0
200.0
190.0
200.0
200.0
193.0
193.0
200.0
188.0
200.0
186.0
180.0
200.0
160.0
200.0
161.0
200.0
200.0
200.0
179.0
180.0
156.0
198.0
168.0
151.0
155.0
155.0
156.0
141.0
144.0
200.0
157.0
141.0
168.0
178.0
193.0
200.0
172.0
154.0
152.0
172.0
180.0
163.0
198.0
187.0
200.0
162.0
200.0
188.0
200.0
180.0
166.0
200.0
195.0
199.0
156.0
183.0
199.0
200.0
200.0
194.0
200.0
200.0
200.0
182.0
186.0
200.0
200.0
179.0
200.0
200.0
200.0
200.0
199.0
200.0
200.0
200.0
200.0
200.0
200.0
188.0
200.0
200.0
190.0
200.0
200.0
200.0
189.0
200.0
200.0
200.0
200.0
200.0
200.0
181.0
186.0
200.0
200.0
200.0
169.0
200.0
200.0
200.0
200.0
200.0
200.0
197.0
145.0
181.0
147.0
163.0
137.0
179.0
186.0
200.0
150.0
183.0
152.0
200.0
200.0
200.0
200.0
187.0
200.0
200.0
200.0
200.0
200.0
183.0
166.0
193.0
153.0
200.0
200.0
200.0
151.0
167.0
198.0
151.0
161.0
153.0
151.0
159.0
186.0
160.0
200.0
191.0
175.0
200.0
200.0
180.0
190.0
200.0
194.0
179.0
151.0
158.0
200.0
160.0
160.0
200.0
200.0
151.0
200.0
200.0
168.0
175.0
200.0
200.0
200.0
200.0
188.0
200.0
184.0
174.0
151.0
200.0
176.0
200.0
200.0
200.0
200.0
200.0
171.0
200.0
200.0
200.0
200.0
200.0
180.0
168.0
167.0
166.0
200.0
190.0
166.0
158.0
183.0
190.0
173.0
171.0
177.0
181.0
172.0
193.0
164.0
175.0
150.0
191.0
173.0
180.0
200.0
176.0
196.0
200.0
175.0
199.0
200.0
200.0
184.0
200.0
200.0
200.0
200.0
200.0
200.0
200.0
191.0
200.0
200.0
200.0
200.0
200.0
200.0
186.0
200.0
174.0
168.0
169.0
162.0
154.0
161.0
191.0
200.0
158.0
200.0
200.0
196.0
200.0
200.0
200.0
200.0
200.0
200.0
184.0
200.0
200.0
200.0
200.0
200.0
200.0
200.0
200.0
200.0
200.0
200.0
200.0
200.0
200.0
200.0
200.0
200.0
200.0
200.0
200.0
200.0
200.0
200.0
200.0
200.0
200.0
200.0
200.0
200.0
200.0
200.0
200.0
200.0
200.0
200.0
200.0
200.0
200.0
200.0
200.0
200.0
200.0
200.0
200.0
200.0
200.0
200.0
200.0
200.0
200.0
200.0
200.0
200.0
200.0
200.0
200.0
200.0
200.0
200.0
200.0
200.0
200.0
200.0
200.0
200.0
200.0
200.0
200.0
200.0
200.0
200.0
200.0
200.0
200.0
200.0
200.0
200.0
200.0
200.0
200.0
200.0
200.0
200.0
200.0
200.0
200.0
200.0
123.0
200.0
200.0
200.0
200.0
200.0
200.0
200.0
200.0
200.0
200.0
200.0
200.0
200.0
200.0
200.0
200.0
200.0
200.0
200.0
200.0
200.0
200.0
200.0
200.0
200.0
200.0
200.0
200.0
200.0
200.0
200.0
200.0
200.0
200.0
200.0
200.0
200.0
200.0
200.0
200.0
200.0
200.0
200.0
200.0
200.0
200.0
200.0
200.0
200.0
200.0
200.0
200.0
200.0
200.0
200.0
200.0
200.0
200.0
200.0
200.0
200.0
200.0
200.0
200.0
200.0
200.0
200.0
200.0
200.0
200.0
200.0
200.0
200.0
200.0
200.0
200.0
200.0
200.0
200.0
200.0
200.0
200.0
200.0
200.0
200.0
200.0
200.0
200.0
200.0
200.0
200.0
200.0
200.0
200.0
200.0
200.0
200.0
200.0
200.0
200.0
200.0
200.0
200.0
200.0
200.0
200.0
200.0
200.0
200.0
200.0
200.0
200.0
200.0
200.0
200.0
200.0
200.0
200.0
200.0
200.0
200.0
200.0
200.0
200.0
200.0
200.0
200.0
200.0
200.0
200.0
200.0
200.0
200.0
200.0
200.0
200.0
200.0
200.0
200.0
200.0
200.0
200.0
200.0
200.0
200.0
200.0
200.0
200.0
200.0
200.0
200.0
200.0
200.0
200.0
200.0
200.0
200.0
200.0
200.0
200.0
200.0
200.0
200.0
200.0
200.0
200.0
200.0
200.0
200.0
200.0
200.0
200.0
200.0
200.0
200.0
200.0
200.0
200.0
200.0
200.0
200.0
200.0
200.0
200.0
200.0
200.0
200.0
200.0
200.0
200.0
200.0
200.0
200.0
200.0
200.0
200.0
200.0
200.0
200.0
200.0
200.0
200.0
200.0
200.0
200.0
200.0
200.0
200.0
200.0
200.0
200.0
200.0
200.0
200.0
200.0
200.0
200.0
200.0
200.0
200.0
200.0
200.0
200.0
200.0
200.0
200.0
200.0
200.0
200.0
200.0
200.0
200.0
200.0
200.0
200.0
200.0
200.0
200.0
200.0
200.0
200.0
200.0
200.0
200.0
200.0
200.0
200.0
200.0
200.0
200.0
200.0
200.0
200.0
200.0
200.0
200.0
200.0
200.0
200.0
200.0
200.0
200.0
200.0
200.0
200.0
200.0
200.0
200.0
200.0
200.0
200.0
200.0
200.0
200.0
200.0
200.0
200.0
200.0
200.0
200.0
200.0
200.0
200.0
200.0
200.0
200.0
200.0
200.0
200.0
200.0
200.0
200.0
200.0
200.0
200.0
200.0
200.0
200.0
200.0
200.0
200.0
200.0
200.0
200.0
200.0
200.0
200.0
200.0
200.0
200.0
200.0
200.0
200.0
200.0
200.0
200.0
200.0
200.0
200.0
200.0
200.0
200.0
200.0
200.0
200.0
200.0
200.0
200.0
200.0
200.0
200.0
200.0
200.0
200.0
200.0
200.0
200.0
200.0
200.0
200.0
200.0
200.0
200.0
200.0
200.0
200.0
200.0
200.0
200.0
200.0
200.0
200.0
200.0
200.0
200.0
200.0
200.0
200.0
200.0
200.0
200.0
200.0
200.0
200.0
200.0
200.0
200.0
200.0
200.0
200.0
200.0
200.0
200.0
200.0
200.0
200.0
200.0
200.0
200.0
200.0
200.0
200.0
200.0
200.0
200.0
200.0
200.0
200.0
200.0
200.0
200.0
200.0
200.0
200.0
200.0
200.0
200.0
200.0
200.0
200.0
200.0
200.0
200.0
200.0
200.0
200.0
200.0
200.0
200.0
200.0
200.0
200.0
200.0
200.0
200.0
200.0
200.0
200.0
200.0
200.0
200.0
200.0
200.0
200.0
200.0
200.0
200.0
200.0
200.0
200.0
200.0
200.0
200.0
200.0
200.0
200.0
200.0
200.0
200.0
200.0
200.0
200.0
200.0
200.0
200.0
200.0
200.0
200.0
200.0
200.0
200.0
200.0
200.0
200.0
200.0
200.0
200.0
200.0
200.0
200.0
200.0
200.0
200.0
200.0
200.0
200.0
200.0
200.0
200.0
200.0
200.0
200.0
200.0
200.0
200.0
200.0
200.0
200.0
200.0
200.0
200.0
200.0
200.0
200.0
200.0
200.0
200.0
200.0
200.0
200.0
200.0
200.0
200.0
200.0
200.0
200.0
200.0
200.0
200.0
200.0
200.0
200.0
200.0
200.0
200.0
200.0
200.0
200.0
200.0
200.0
200.0
200.0
200.0
200.0
200.0
200.0
200.0
200.0
200.0
200.0
200.0
200.0
200.0
200.0
200.0
200.0
200.0
200.0
200.0
200.0
200.0
200.0
200.0
200.0
200.0
200.0
200.0
200.0
200.0
200.0
200.0
200.0
200.0
200.0
200.0
200.0
200.0
200.0
200.0
200.0
200.0
200.0
200.0
200.0
200.0
200.0
200.0
200.0
200.0
200.0
200.0
200.0
200.0
200.0
200.0
200.0
200.0
200.0
200.0
200.0
200.0
200.0
200.0
200.0
200.0
200.0
200.0
200.0
200.0
200.0
200.0
200.0
200.0
200.0
200.0
200.0
200.0
200.0
200.0
200.0
200.0
200.0
200.0
200.0
200.0
200.0
200.0
200.0
200.0
200.0
200.0
200.0
200.0
200.0
200.0
200.0
200.0
200.0
200.0
200.0
200.0
200.0
200.0
200.0
200.0
200.0
200.0
200.0
200.0
200.0
200.0
200.0
200.0
200.0
200.0
200.0
200.0
200.0
200.0
200.0
200.0
200.0
200.0
200.0
200.0
200.0
200.0
200.0
200.0
200.0
200.0
200.0
200.0
200.0
200.0
200.0
200.0
200.0
200.0
200.0
200.0
200.0
200.0
200.0
200.0
200.0
200.0
200.0
200.0
200.0
200.0
200.0
200.0
200.0
200.0
200.0
200.0
200.0
200.0
200.0
200.0
200.0
200.0
200.0
200.0
200.0
200.0
200.0
200.0
200.0
200.0
200.0
200.0
200.0
200.0
200.0
200.0
200.0
200.0
200.0
200.0
200.0
200.0
200.0
200.0
200.0
200.0
200.0
200.0
200.0
200.0
200.0
200.0
200.0
200.0
200.0
200.0
200.0
200.0
200.0
200.0
200.0
200.0
200.0
200.0
200.0
200.0
200.0
200.0
200.0
200.0
200.0
200.0
200.0
200.0
200.0
200.0
200.0
200.0
200.0
200.0
200.0
200.0
200.0
200.0
200.0
200.0
200.0
200.0
200.0
200.0
200.0
200.0
200.0
200.0
200.0
200.0
200.0
200.0
200.0
200.0
200.0
200.0
200.0
200.0
200.0
200.0
200.0
200.0
200.0
200.0
200.0
200.0
200.0
200.0
200.0
200.0
200.0
200.0
200.0
200.0
200.0
200.0
200.0
200.0
200.0
200.0
200.0
200.0
200.0
200.0
200.0
200.0
200.0
200.0
200.0
200.0
200.0
200.0
200.0
200.0
200.0
200.0
200.0
200.0
200.0
200.0
200.0
200.0
200.0
200.0
200.0
200.0
200.0
200.0
200.0
200.0
200.0
200.0
200.0
200.0
200.0
200.0
200.0
200.0
200.0
200.0
200.0
200.0
200.0
200.0
200.0
200.0
200.0
200.0
200.0
200.0
200.0
200.0
200.0
200.0
200.0
200.0
200.0
200.0
200.0
200.0
200.0
200.0
200.0
200.0
200.0
200.0
200.0
200.0
200.0
200.0
200.0
200.0
200.0
200.0
200.0
200.0
200.0
200.0
200.0
200.0
200.0
200.0
200.0
200.0
200.0
200.0
200.0
200.0
200.0
200.0
200.0
200.0
200.0
200.0
200.0
200.0
200.0
200.0
200.0
200.0
200.0
200.0
200.0
200.0
200.0
200.0
200.0
200.0
200.0
200.0
200.0
200.0
200.0
200.0
200.0
200.0
200.0
200.0
200.0
200.0
200.0
200.0
200.0
200.0
200.0
200.0
200.0
200.0
200.0
200.0
200.0
200.0
200.0
200.0
200.0
200.0
200.0
200.0
200.0
200.0
200.0
200.0
200.0
200.0
200.0
200.0
200.0
200.0
200.0
200.0
200.0
200.0
200.0
200.0
200.0
200.0
200.0
200.0
200.0
200.0
200.0
200.0
200.0
200.0
200.0
200.0
200.0
200.0
200.0
200.0
200.0
200.0
200.0
200.0
200.0
200.0
200.0
200.0
200.0
200.0
200.0
200.0
200.0
200.0
200.0
200.0
200.0
200.0
200.0
200.0
200.0
200.0
200.0
200.0
200.0
200.0
200.0
200.0
200.0
200.0
200.0
200.0
200.0
200.0
200.0
200.0
200.0
200.0
200.0
200.0
200.0
200.0
200.0
200.0
200.0
200.0
200.0
200.0
200.0
200.0
200.0
200.0
200.0
200.0
200.0
200.0
200.0
200.0
200.0
200.0
200.0
200.0
200.0
200.0
200.0
200.0
200.0
200.0
200.0
200.0
200.0
200.0
200.0
200.0
200.0
200.0
200.0
200.0
200.0
200.0
200.0
200.0
200.0
200.0
200.0
200.0
200.0
200.0
200.0
200.0
200.0
200.0
200.0
200.0
200.0
200.0
200.0
200.0
200.0
200.0
200.0
200.0
200.0
200.0
200.0
200.0
200.0
200.0
200.0
200.0
200.0
200.0
200.0
200.0
200.0
200.0
200.0
200.0
200.0
200.0
200.0
200.0
200.0
200.0
200.0
200.0
200.0
200.0
200.0
200.0
200.0
200.0
200.0
29.0
34.0
20.0
17.0
9.0
13.0
25.0
40.0
31.0
24.0
8.0
22.0
19.0
13.0
19.0
11.0
53.0
12.0
11.0
13.0
17.0
13.0
58.0
21.0
40.0
18.0
16.0
14.0
13.0
18.0
14.0
20.0
21.0
30.0
20.0
60.0
27.0
39.0
10.0
23.0
47.0
16.0
38.0
13.0
38.0
31.0
44.0
14.0
9.0
17.0
20.0
19.0
19.0
23.0
30.0
15.0
12.0
10.0
30.0
24.0
19.0
13.0
16.0
43.0
27.0
17.0
23.0
10.0
49.0
14.0
24.0
15.0
31.0
18.0
18.0
26.0
22.0
18.0
15.0
13.0
15.0
20.0
18.0
18.0
13.0
12.0
14.0
36.0
38.0
19.0
22.0
18.0
24.0
20.0
16.0
46.0
19.0
9.0
15.0
32.0
21.0
27.0
9.0
37.0
50.0
12.0
18.0
17.0
11.0
29.0
28.0
14.0
10.0
14.0
22.0
15.0
32.0
31.0
28.0
24.0
23.0
38.0
11.0
15.0
11.0
12.0
15.0
12.0
23.0
11.0
15.0
56.0
25.0
19.0
17.0
14.0
20.0
50.0
26.0
55.0
85.0
14.0
44.0
13.0
13.0
93.0
24.0
31.0
21.0
17.0
67.0
17.0
11.0
11.0
16.0
28.0
9.0
20.0
16.0
11.0
15.0
78.0
21.0
21.0
34.0
14.0
21.0
17.0
11.0
13.0
12.0
19.0
11.0
17.0
16.0
42.0
26.0
24.0
74.0
29.0
22.0
18.0
31.0
39.0
20.0
36.0
42.0
16.0
28.0
27.0
19.0
24.0
17.0
44.0
19.0
53.0
37.0
44.0
40.0
24.0
25.0
45.0
56.0
58.0
48.0
18.0
75.0
136.0
43.0
32.0
33.0
31.0
18.0
56.0
31.0
31.0
37.0
22.0
43.0
56.0
33.0
30.0
45.0
53.0
50.0
78.0
26.0
66.0
43.0
47.0
44.0
59.0
31.0
34.0
57.0
62.0
74.0
65.0
80.0
121.0
30.0
81.0
33.0
57.0
67.0
129.0
39.0
67.0
82.0
69.0
69.0
64.0
70.0
103.0
47.0
95.0
29.0
56.0
75.0
84.0
148.0
110.0
122.0
126.0
86.0
74.0
80.0
96.0
76.0
41.0
69.0
100.0
170.0
70.0
169.0
118.0
197.0
53.0
200.0
154.0
86.0
103.0
104.0
175.0
106.0
110.0
200.0
97.0
139.0
114.0
94.0
146.0
133.0
149.0
164.0
200.0
130.0
174.0
129.0
141.0
151.0
191.0
200.0
200.0
200.0
200.0
200.0
200.0
190.0
195.0
200.0
178.0
200.0
200.0
200.0
178.0
185.0
142.0
159.0
200.0
145.0
129.0
103.0
163.0
131.0
128.0
129.0
162.0
135.0
170.0
173.0
200.0
200.0
181.0
200.0
200.0
162.0
200.0
200.0
145.0
165.0
147.0
151.0
154.0
180.0
145.0
200.0
178.0
200.0
200.0
167.0
152.0
145.0
166.0
153.0
149.0
157.0
156.0
165.0
181.0
161.0
161.0
166.0
152.0
165.0
164.0
142.0
179.0
200.0
153.0
172.0
200.0
143.0
141.0
174.0
163.0
172.0
181.0
177.0
151.0
200.0
161.0
136.0
173.0
130.0
188.0
141.0
200.0
200.0
200.0
192.0
161.0
200.0
200.0
165.0
198.0
200.0
200.0
200.0
200.0
200.0
200.0
200.0
200.0
172.0
180.0
169.0
200.0
177.0
177.0
200.0
200.0
200.0
155.0
200.0
200.0
200.0
200.0
200.0
167.0
190.0
192.0
178.0
200.0
196.0
182.0
200.0
200.0
200.0
200.0
200.0
200.0
200.0
200.0
200.0
200.0
200.0
198.0
200.0
200.0
200.0
200.0
200.0
200.0
200.0
200.0
200.0
200.0
200.0
200.0
200.0
200.0
200.0
200.0
200.0
197.0
200.0
200.0
200.0
200.0
200.0
200.0
200.0
200.0
200.0
200.0
200.0
190.0
194.0
200.0
200.0
200.0
184.0
200.0
200.0
200.0
200.0
200.0
200.0
200.0
200.0
200.0
200.0
200.0
200.0
200.0
200.0
200.0
200.0
200.0
200.0
200.0
200.0
200.0
200.0
200.0
200.0
200.0
200.0
181.0
167.0
197.0
200.0
200.0
175.0
200.0
200.0
200.0
171.0
200.0
200.0
200.0
200.0
200.0
200.0
200.0
200.0
200.0
200.0
181.0
200.0
200.0
200.0
184.0
200.0
200.0
200.0
200.0
200.0
200.0
200.0
200.0
200.0
200.0
200.0
166.0
162.0
200.0
200.0
200.0
183.0
200.0
200.0
200.0
200.0
200.0
200.0
200.0
200.0
200.0
200.0
198.0
187.0
200.0
168.0
200.0
200.0
200.0
200.0
176.0
200.0
188.0
200.0
200.0
195.0
189.0
200.0
200.0
200.0
200.0
200.0
200.0
200.0
200.0
200.0
200.0
200.0
200.0
200.0
200.0
192.0
200.0
200.0
200.0
200.0
200.0
200.0
200.0
200.0
200.0
200.0
200.0
200.0
200.0
200.0
200.0
198.0
200.0
200.0
200.0
200.0
200.0
200.0
200.0
200.0
200.0
184.0
200.0
196.0
199.0
200.0
167.0
200.0
200.0
200.0
200.0
200.0
200.0
183.0
169.0
200.0
191.0
178.0
200.0
200.0
200.0
183.0
200.0
174.0
174.0
193.0
200.0
200.0
200.0
200.0
200.0
200.0
200.0
200.0
200.0
200.0
200.0
200.0
200.0
200.0
200.0
200.0
200.0
193.0
200.0
200.0
200.0
182.0
200.0
185.0
196.0
200.0
197.0
190.0
177.0
164.0
170.0
183.0
200.0
200.0
185.0
200.0
200.0
200.0
200.0
198.0
195.0
191.0
200.0
200.0
200.0
200.0
200.0
200.0
200.0
200.0
200.0
200.0
200.0
200.0
199.0
166.0
184.0
185.0
169.0
165.0
151.0
161.0
153.0
180.0
200.0
200.0
186.0
181.0
191.0
153.0
179.0
200.0
182.0
200.0
200.0
190.0
177.0
200.0
200.0
188.0
165.0
174.0
156.0
168.0
175.0
158.0
168.0
185.0
162.0
170.0
141.0
173.0
168.0
199.0
165.0
181.0
188.0
195.0
160.0
164.0
162.0
200.0
176.0
146.0
189.0
167.0
200.0
173.0
172.0
185.0
161.0
149.0
164.0
158.0
155.0
182.0
186.0
181.0
165.0
200.0
157.0
178.0
173.0
180.0
167.0
197.0
186.0
200.0
200.0
200.0
200.0
178.0
193.0
185.0
200.0
171.0
167.0
171.0
182.0
167.0
168.0
178.0
173.0
195.0
200.0
200.0
200.0
200.0
175.0
200.0
196.0
186.0
200.0
200.0
200.0
200.0
200.0
200.0
200.0
200.0
200.0
200.0
200.0
200.0
200.0
200.0
200.0
200.0
200.0
200.0
200.0
200.0
200.0
200.0
200.0
200.0
200.0
200.0
200.0
200.0
200.0
200.0
200.0
200.0
200.0
200.0
200.0
200.0
200.0
200.0
200.0
200.0
200.0
200.0
200.0
200.0
200.0
200.0
200.0
200.0
200.0
200.0
200.0
200.0
200.0
200.0
200.0
200.0
200.0
200.0
200.0
200.0
200.0
200.0
200.0
200.0
200.0
200.0
200.0
200.0
200.0
200.0
200.0
200.0
200.0
200.0
200.0
200.0
200.0
200.0
200.0
200.0
200.0
200.0
200.0
200.0
200.0
200.0
200.0
200.0
200.0
200.0
200.0
200.0
200.0
200.0
200.0
200.0
200.0
200.0
200.0
200.0
200.0
200.0
200.0
200.0
200.0
200.0
200.0
200.0
200.0
200.0
200.0
200.0
200.0
200.0
200.0
200.0
200.0
200.0
200.0
200.0
200.0
200.0
200.0
200.0
200.0
200.0
200.0
200.0
200.0
200.0
200.0
200.0
200.0
200.0
200.0
200.0
200.0
200.0
200.0
200.0
200.0
200.0
200.0
200.0
200.0
200.0
200.0
200.0
200.0
200.0
200.0
200.0
200.0
200.0
200.0
200.0
200.0
200.0
200.0
200.0
200.0
200.0
200.0
200.0
200.0
200.0
200.0
200.0
200.0
200.0
200.0
200.0
200.0
200.0
200.0
200.0
200.0
200.0
200.0
200.0
200.0
200.0
200.0
200.0
200.0
200.0
200.0
200.0
200.0
200.0
200.0
200.0
200.0
200.0
200.0
200.0
200.0
200.0
200.0
200.0
200.0
200.0
200.0
200.0
200.0
200.0
200.0
200.0
200.0
200.0
200.0
200.0
200.0
200.0
200.0
200.0
200.0
200.0
200.0
200.0
200.0
200.0
200.0
200.0
200.0
200.0
200.0
200.0
200.0
200.0
200.0
200.0
200.0
200.0
200.0
200.0
200.0
200.0
200.0
200.0
200.0
200.0
200.0
200.0
200.0
200.0
200.0
200.0
200.0
200.0
200.0
200.0
200.0
200.0
200.0
200.0
200.0
200.0
200.0
200.0
200.0
200.0
200.0
200.0
200.0
200.0
200.0
200.0
200.0
200.0
200.0
200.0
200.0
200.0
200.0
200.0
200.0
200.0
200.0
200.0
200.0
200.0
200.0
200.0
200.0
200.0
200.0
200.0
200.0
200.0
200.0
200.0
200.0
200.0
200.0
200.0
200.0
200.0
200.0
200.0
200.0
200.0
200.0
200.0
200.0
200.0
200.0
200.0
200.0
200.0
200.0
200.0
200.0
200.0
200.0
200.0
200.0
200.0
200.0
200.0
200.0
200.0
200.0
200.0
200.0
200.0
200.0
200.0
200.0
200.0
200.0
200.0
200.0
200.0
200.0
200.0
200.0
200.0
200.0
200.0
200.0
200.0
200.0
200.0
200.0
200.0
200.0
200.0
200.0
200.0
200.0
200.0
200.0
200.0
200.0
200.0
200.0
200.0
200.0
200.0
200.0
200.0
200.0
200.0
200.0
200.0
200.0
200.0
200.0
200.0
200.0
200.0
200.0
200.0
200.0
200.0
200.0
200.0
200.0
200.0
200.0
200.0
200.0
200.0
200.0
200.0
200.0
200.0
200.0
200.0
200.0
200.0
200.0
200.0
200.0
200.0
200.0
200.0
200.0
200.0
200.0
200.0
200.0
200.0
200.0
200.0
200.0
200.0
200.0
200.0
200.0
200.0
200.0
200.0
200.0
200.0
200.0
200.0
200.0
200.0
200.0
200.0
200.0
200.0
200.0
200.0
200.0
200.0
200.0
200.0
200.0
200.0
200.0
200.0
200.0
200.0
200.0
200.0
200.0
200.0
200.0
200.0
200.0
200.0
200.0
200.0
200.0
200.0
200.0
200.0
200.0
200.0
200.0
200.0
200.0
200.0
200.0
200.0
200.0
200.0
200.0
200.0
200.0
200.0
200.0
200.0
200.0
200.0
200.0
200.0
200.0
200.0
200.0
200.0
200.0
200.0
200.0
200.0
200.0
200.0
200.0
200.0
200.0
200.0
200.0
200.0
200.0
200.0
200.0
200.0
200.0
200.0
200.0
200.0
200.0
200.0
200.0
200.0
200.0
200.0
200.0
200.0
200.0
200.0
200.0
200.0
200.0
200.0
200.0
200.0
200.0
200.0
200.0
200.0
200.0
200.0
200.0
200.0
200.0
200.0
200.0
200.0
200.0
200.0
200.0
200.0
200.0
200.0
200.0
200.0
200.0
200.0
200.0
200.0
200.0
200.0
200.0
200.0
200.0
200.0
200.0
200.0
200.0
200.0
200.0
200.0
200.0
200.0
200.0
200.0
200.0
200.0
200.0
200.0
200.0
200.0
200.0
200.0
200.0
200.0
200.0
200.0
200.0
200.0
200.0
200.0
200.0
200.0
200.0
200.0
200.0
200.0
200.0
200.0
200.0
200.0
200.0
200.0
200.0
200.0
200.0
200.0
200.0
200.0
200.0
200.0
200.0
200.0
200.0
200.0
200.0
200.0
200.0
200.0
200.0
200.0
200.0
200.0
200.0
200.0
200.0
200.0
200.0
200.0
200.0
200.0
200.0
200.0
200.0
200.0
200.0
200.0
200.0
200.0
200.0
200.0
200.0
200.0
200.0
200.0
200.0
200.0
200.0
200.0
200.0
200.0
200.0
200.0
200.0
200.0
200.0
200.0
200.0
200.0
200.0
200.0
200.0
200.0
200.0
200.0
200.0
200.0
200.0
200.0
200.0
200.0
200.0
200.0
200.0
200.0
200.0
200.0
200.0
200.0
200.0
200.0
200.0
200.0
200.0
200.0
200.0
200.0
200.0
200.0
200.0
200.0
200.0
200.0
200.0
200.0
200.0
200.0
200.0
200.0
200.0
200.0
200.0
200.0
200.0
200.0
200.0
200.0
200.0
200.0
200.0
200.0
200.0
200.0
200.0
200.0
200.0
200.0
200.0
200.0
200.0
200.0
200.0
200.0
200.0
200.0
200.0
200.0
200.0
200.0
200.0
200.0
200.0
200.0
200.0
200.0
200.0
200.0
200.0
200.0
200.0
200.0
200.0
200.0
200.0
200.0
200.0
200.0
200.0
200.0
200.0
200.0
200.0
200.0
200.0
200.0
200.0
200.0
200.0
200.0
200.0
200.0
200.0
200.0
200.0
200.0
200.0
200.0
200.0
200.0
200.0
200.0
200.0
200.0
200.0
200.0
200.0
200.0
200.0
200.0
200.0
200.0
200.0
200.0
200.0
200.0
200.0
200.0
200.0
200.0
200.0
200.0
200.0
200.0
200.0
200.0
200.0
200.0
200.0
200.0
200.0
200.0
200.0
200.0
200.0
200.0
200.0
200.0
200.0
200.0
200.0
200.0
200.0
200.0
200.0
200.0
200.0
200.0
200.0
200.0
200.0
200.0
200.0
200.0
200.0
200.0
200.0
200.0
200.0
200.0
200.0
200.0
200.0
200.0
200.0
200.0
200.0
200.0
200.0
200.0
200.0
200.0
200.0
200.0
200.0
200.0
200.0
200.0
200.0
200.0
200.0
200.0
200.0
200.0
200.0
200.0
200.0
200.0
200.0
200.0
200.0
200.0
200.0
200.0
200.0
200.0
200.0
200.0
200.0
200.0
200.0
200.0
200.0
200.0
200.0
200.0
200.0
200.0
200.0
200.0
200.0
200.0
200.0
200.0
200.0
200.0
200.0
200.0
200.0
200.0
200.0
200.0
200.0
200.0
200.0
200.0
200.0
200.0
200.0
200.0
200.0
200.0
200.0
200.0
200.0
200.0
200.0
200.0
200.0
200.0
200.0
200.0
200.0
200.0
200.0
200.0
200.0
200.0
200.0
200.0
200.0
200.0
200.0
200.0
200.0
200.0
200.0
200.0
200.0
200.0
200.0
200.0
200.0
200.0
200.0
200.0
200.0
200.0
200.0
200.0
200.0
200.0
200.0
200.0
200.0
200.0
200.0
200.0
200.0
200.0
200.0
200.0
200.0
200.0
200.0
200.0
200.0
200.0
200.0
200.0
200.0
200.0
200.0
200.0
200.0
200.0
200.0
200.0
200.0
200.0
200.0
200.0
200.0
200.0
200.0
200.0
200.0
200.0
200.0
200.0
200.0
200.0
200.0
200.0
200.0
200.0
200.0
200.0
200.0
200.0
200.0
200.0
200.0
200.0
200.0
200.0
200.0
200.0
200.0
200.0
200.0
200.0
200.0
200.0
200.0
200.0
200.0
200.0
200.0
200.0
200.0
200.0
200.0
200.0
200.0
200.0
200.0
200.0
200.0
200.0
200.0
200.0
200.0
200.0
200.0
200.0
200.0
200.0
200.0
200.0
200.0
200.0
200.0
200.0
200.0
200.0
200.0
200.0
200.0
200.0
200.0
200.0
200.0
200.0
200.0
200.0
200.0
200.0
200.0
200.0
200.0
200.0
200.0
200.0
200.0
200.0
200.0
200.0
200.0
200.0
200.0
200.0
200.0
200.0
200.0
200.0
200.0
200.0
200.0
200.0
200.0
200.0
200.0
200.0
200.0
200.0
200.0
200.0
200.0
200.0
200.0
200.0
200.0
200.0
200.0
200.0
200.0
200.0
200.0
200.0
200.0
200.0
200.0
200.0
200.0
200.0
200.0
200.0
200.0
200.0
200.0
200.0
200.0
200.0
200.0
200.0
200.0
200.0
200.0
200.0
200.0
200.0
200.0
200.0
200.0
200.0
200.0
200.0
200.0
200.0
200.0
200.0
200.0
200.0
200.0
200.0
200.0
200.0
200.0
200.0
200.0
200.0
200.0
200.0
200.0
200.0
200.0
200.0
200.0
200.0
200.0
200.0
200.0
200.0
200.0
200.0
200.0
200.0
200.0
200.0
200.0
200.0
200.0
200.0
200.0
200.0
200.0
200.0
200.0
200.0
200.0
200.0
200.0
200.0
200.0
200.0
200.0
200.0
200.0
200.0
200.0
200.0
200.0
200.0
200.0
200.0
200.0
200.0
200.0
200.0
200.0
200.0
200.0
200.0
200.0
200.0
200.0
200.0
200.0
200.0
200.0
200.0
200.0
200.0
200.0
200.0
200.0
200.0
200.0
200.0
200.0
200.0
200.0
200.0
200.0
200.0
200.0
200.0
200.0
200.0
200.0
200.0
200.0
200.0
200.0
200.0
200.0
200.0
200.0
200.0
200.0
200.0
200.0
200.0
200.0
200.0
200.0
200.0
200.0
200.0
200.0
200.0
200.0
200.0
200.0
200.0
200.0
200.0
200.0
200.0
200.0
200.0
200.0
