70.0
11.0
14.0
15.0
21.0
26.0
12.0
41.0
12.0
27.0
19.0
24.0
33.0
13.0
22.0
11.0
22.0
13.0
16.0
16.0
29.0
17.0
9.0
20.0
24.0
33.0
13.0
13.0
58.0
17.0
29.0
16.0
23.0
25.0
15.0
14.0
14.0
26.0
14.0
33.0
16.0
25.0
17.0
65.0
10.0
11.0
21.0
19.0
16.0
25.0
13.0
20.0
21.0
15.0
15.0
24.0
20.0
16.0
40.0
13.0
17.0
25.0
12.0
77.0
11.0
21.0
15.0
10.0
26.0
17.0
12.0
27.0
44.0
33.0
13.0
21.0
13.0
14.0
18.0
33.0
15.0
12.0
17.0
9.0
20.0
19.0
9.0
12.0
49.0
15.0
19.0
38.0
56.0
15.0
12.0
21.0
29.0
11.0
21.0
14.0
29.0
14.0
21.0
11.0
18.0
18.0
15.0
13.0
24.0
14.0
12.0
14.0
31.0
13.0
16.0
51.0
13.0
9.0
11.0
21.0
21.0
13.0
18.0
26.0
11.0
13.0
11.0
10.0
20.0
19.0
11.0
20.0
14.0
15.0
15.0
15.0
27.0
13.0
34.0
14.0
19.0
14.0
13.0
12.0
20.0
18.0
11.0
23.0
11.0
10.0
16.0
18.0
27.0
15.0
19.0
25.0
20.0
14.0
12.0
15.0
22.0
14.0
18.0
15.0
24.0
10.0
14.0
29.0
16.0
18.0
16.0
10.0
36.0
9.0
13.0
18.0
10.0
19.0
19.0
15.0
35.0
15.0
20.0
19.0
13.0
18.0
28.0
24.0
15.0
16.0
11.0
16.0
11.0
12.0
10.0
12.0
9.0
25.0
19.0
20.0
17.0
11.0
14.0
24.0
16.0
19.0
23.0
62.0
13.0
13.0
26.0
39.0
25.0
34.0
11.0
42.0
18.0
79.0
27.0
25.0
40.0
31.0
27.0
38.0
31.0
20.0
21.0
17.0
15.0
23.0
29.0
23.0
65.0
16.0
32.0
30.0
13.0
31.0
29.0
21.0
18.0
41.0
54.0
40.0
51.0
43.0
36.0
58.0
110.0
85.0
50.0
51.0
32.0
27.0
41.0
54.0
27.0
105.0
118.0
58.0
62.0
54.0
48.0
44.0
38.0
47.0
44.0
45.0
49.0
53.0
27.0
44.0
175.0
53.0
68.0
63.0
128.0
69.0
67.0
75.0
87.0
73.0
200.0
130.0
116.0
134.0
69.0
68.0
85.0
73.0
75.0
87.0
80.0
200.0
102.0
83.0
108.0
102.0
142.0
139.0
149.0
176.0
143.0
135.0
200.0
102.0
95.0
141.0
179.0
138.0
135.0
101.0
200.0
87.0
114.0
101.0
87.0
82.0
139.0
200.0
114.0
77.0
149.0
94.0
182.0
140.0
91.0
90.0
153.0
146.0
108.0
144.0
116.0
100.0
167.0
106.0
108.0
185.0
200.0
200.0
189.0
99.0
118.0
146.0
140.0
117.0
115.0
106.0
200.0
104.0
104.0
109.0
94.0
131.0
88.0
141.0
124.0
126.0
200.0
179.0
143.0
167.0
141.0
166.0
170.0
200.0
200.0
200.0
132.0
137.0
130.0
200.0
178.0
159.0
185.0
200.0
198.0
154.0
180.0
120.0
125.0
129.0
188.0
179.0
200.0
175.0
149.0
131.0
200.0
200.0
200.0
200.0
181.0
200.0
196.0
200.0
175.0
182.0
200.0
200.0
200.0
154.0
183.0
146.0
136.0
164.0
140.0
138.0
155.0
171.0
156.0
200.0
200.0
157.0
132.0
154.0
200.0
200.0
200.0
200.0
198.0
146.0
200.0
200.0
200.0
200.0
142.0
200.0
200.0
192.0
200.0
200.0
200.0
126.0
200.0
169.0
200.0
200.0
161.0
200.0
200.0
135.0
198.0
200.0
191.0
178.0
200.0
176.0
200.0
141.0
200.0
200.0
200.0
133.0
136.0
198.0
144.0
189.0
154.0
159.0
171.0
200.0
194.0
162.0
200.0
142.0
157.0
175.0
151.0
173.0
167.0
137.0
140.0
180.0
164.0
141.0
158.0
150.0
140.0
163.0
160.0
145.0
158.0
155.0
143.0
147.0
137.0
132.0
158.0
164.0
158.0
169.0
155.0
145.0
163.0
129.0
170.0
153.0
138.0
137.0
124.0
152.0
131.0
173.0
125.0
156.0
132.0
157.0
137.0
146.0
140.0
137.0
140.0
136.0
158.0
154.0
145.0
142.0
136.0
174.0
131.0
143.0
156.0
158.0
163.0
182.0
169.0
134.0
154.0
156.0
148.0
151.0
152.0
124.0
153.0
182.0
180.0
132.0
132.0
133.0
132.0
125.0
142.0
132.0
124.0
137.0
145.0
174.0
138.0
135.0
125.0
126.0
146.0
137.0
152.0
138.0
160.0
128.0
123.0
146.0
138.0
161.0
159.0
178.0
133.0
153.0
144.0
148.0
138.0
143.0
145.0
191.0
140.0
123.0
163.0
152.0
181.0
138.0
154.0
134.0
146.0
126.0
136.0
200.0
156.0
172.0
153.0
142.0
173.0
161.0
164.0
200.0
161.0
163.0
187.0
200.0
137.0
193.0
169.0
145.0
200.0
196.0
200.0
171.0
154.0
150.0
173.0
193.0
156.0
176.0
153.0
200.0
148.0
146.0
169.0
162.0
200.0
200.0
143.0
148.0
175.0
157.0
148.0
163.0
173.0
138.0
133.0
178.0
189.0
200.0
200.0
160.0
153.0
154.0
200.0
156.0
200.0
200.0
190.0
200.0
174.0
200.0
200.0
156.0
162.0
148.0
200.0
182.0
200.0
151.0
159.0
150.0
166.0
200.0
152.0
164.0
200.0
165.0
176.0
175.0
200.0
166.0
156.0
194.0
175.0
165.0
157.0
148.0
200.0
200.0
200.0
183.0
177.0
164.0
162.0
178.0
200.0
200.0
200.0
200.0
172.0
200.0
200.0
200.0
200.0
177.0
200.0
200.0
200.0
200.0
158.0
200.0
195.0
164.0
200.0
200.0
200.0
200.0
200.0
200.0
200.0
176.0
182.0
191.0
200.0
200.0
200.0
200.0
181.0
199.0
189.0
194.0
200.0
192.0
166.0
200.0
183.0
200.0
146.0
200.0
200.0
196.0
170.0
200.0
200.0
181.0
200.0
164.0
157.0
178.0
188.0
180.0
173.0
200.0
183.0
184.0
170.0
200.0
167.0
175.0
200.0
200.0
199.0
169.0
200.0
189.0
200.0
169.0
199.0
185.0
200.0
200.0
170.0
173.0
200.0
185.0
179.0
185.0
200.0
193.0
200.0
200.0
177.0
176.0
184.0
200.0
171.0
177.0
200.0
188.0
193.0
200.0
200.0
194.0
200.0
200.0
200.0
200.0
186.0
188.0
190.0
200.0
200.0
200.0
200.0
200.0
200.0
200.0
200.0
200.0
200.0
200.0
200.0
200.0
200.0
200.0
200.0
200.0
200.0
200.0
200.0
200.0
200.0
200.0
200.0
200.0
200.0
200.0
200.0
200.0
200.0
200.0
200.0
200.0
200.0
200.0
200.0
200.0
200.0
200.0
200.0
200.0
200.0
200.0
200.0
200.0
200.0
200.0
200.0
200.0
200.0
200.0
200.0
200.0
200.0
200.0
200.0
200.0
200.0
200.0
200.0
200.0
200.0
200.0
200.0
200.0
200.0
200.0
200.0
200.0
200.0
200.0
200.0
200.0
200.0
200.0
200.0
200.0
200.0
200.0
200.0
200.0
200.0
200.0
200.0
200.0
200.0
200.0
200.0
200.0
200.0
200.0
200.0
200.0
200.0
200.0
200.0
200.0
200.0
200.0
200.0
200.0
200.0
200.0
200.0
200.0
200.0
200.0
200.0
200.0
200.0
200.0
200.0
200.0
200.0
200.0
200.0
200.0
200.0
200.0
200.0
200.0
200.0
200.0
200.0
200.0
200.0
200.0
200.0
200.0
200.0
200.0
200.0
200.0
200.0
200.0
200.0
200.0
200.0
200.0
200.0
200.0
200.0
200.0
200.0
200.0
200.0
200.0
200.0
200.0
200.0
200.0
200.0
200.0
200.0
200.0
200.0
200.0
200.0
200.0
200.0
200.0
200.0
200.0
200.0
200.0
200.0
200.0
200.0
200.0
200.0
200.0
200.0
200.0
200.0
200.0
200.0
200.0
200.0
200.0
200.0
200.0
200.0
200.0
200.0
200.0
200.0
200.0
200.0
200.0
200.0
200.0
200.0
200.0
200.0
200.0
200.0
200.0
200.0
200.0
200.0
200.0
200.0
200.0
200.0
200.0
200.0
200.0
200.0
200.0
200.0
200.0
200.0
200.0
200.0
200.0
200.0
200.0
200.0
200.0
200.0
200.0
200.0
200.0
200.0
200.0
200.0
200.0
200.0
200.0
200.0
200.0
200.0
200.0
200.0
200.0
200.0
200.0
200.0
200.0
200.0
200.0
200.0
200.0
200.0
200.0
200.0
200.0
200.0
200.0
200.0
200.0
200.0
200.0
200.0
200.0
200.0
200.0
200.0
200.0
200.0
200.0
200.0
200.0
200.0
200.0
200.0
200.0
200.0
200.0
200.0
200.0
200.0
200.0
200.0
200.0
200.0
200.0
200.0
200.0
200.0
200.0
200.0
200.0
200.0
200.0
200.0
200.0
200.0
200.0
200.0
200.0
200.0
200.0
200.0
200.0
200.0
200.0
200.0
200.0
200.0
200.0
200.0
200.0
200.0
200.0
200.0
200.0
200.0
200.0
200.0
200.0
200.0
200.0
200.0
200.0
200.0
200.0
200.0
200.0
200.0
200.0
200.0
200.0
200.0
200.0
200.0
200.0
200.0
200.0
200.0
200.0
200.0
200.0
200.0
200.0
200.0
200.0
200.0
200.0
200.0
200.0
200.0
200.0
200.0
200.0
200.0
200.0
200.0
200.0
200.0
200.0
200.0
200.0
200.0
200.0
200.0
200.0
200.0
200.0
200.0
200.0
200.0
200.0
200.0
200.0
200.0
200.0
200.0
200.0
200.0
200.0
200.0
200.0
200.0
200.0
200.0
200.0
200.0
200.0
200.0
200.0
200.0
200.0
200.0
200.0
200.0
200.0
200.0
200.0
200.0
200.0
200.0
200.0
200.0
200.0
200.0
200.0
200.0
200.0
200.0
200.0
200.0
200.0
200.0
200.0
200.0
200.0
200.0
200.0
200.0
200.0
200.0
200.0
200.0
200.0
200.0
200.0
200.0
200.0
200.0
200.0
200.0
200.0
200.0
200.0
200.0
200.0
200.0
200.0
200.0
200.0
200.0
200.0
200.0
200.0
200.0
200.0
200.0
200.0
200.0
200.0
200.0
200.0
200.0
200.0
200.0
200.0
200.0
200.0
200.0
200.0
200.0
200.0
200.0
200.0
200.0
200.0
200.0
200.0
200.0
200.0
200.0
200.0
200.0
200.0
200.0
200.0
200.0
200.0
200.0
200.0
200.0
200.0
200.0
200.0
200.0
200.0
200.0
200.0
200.0
200.0
200.0
200.0
200.0
200.0
200.0
200.0
200.0
200.0
200.0
200.0
200.0
200.0
200.0
200.0
200.0
200.0
200.0
200.0
200.0
200.0
200.0
200.0
200.0
200.0
200.0
200.0
200.0
200.0
200.0
200.0
200.0
200.0
200.0
200.0
200.0
200.0
200.0
200.0
200.0
200.0
200.0
200.0
200.0
200.0
200.0
200.0
200.0
200.0
200.0
200.0
200.0
200.0
200.0
200.0
200.0
200.0
200.0
200.0
200.0
200.0
200.0
200.0
200.0
200.0
200.0
200.0
200.0
200.0
200.0
200.0
200.0
200.0
200.0
200.0
200.0
200.0
200.0
200.0
200.0
200.0
200.0
200.0
200.0
200.0
200.0
200.0
200.0
200.0
200.0
200.0
200.0
200.0
200.0
200.0
200.0
200.0
200.0
200.0
200.0
200.0
200.0
200.0
200.0
200.0
200.0
200.0
200.0
200.0
200.0
200.0
200.0
200.0
200.0
200.0
200.0
200.0
200.0
200.0
200.0
200.0
200.0
200.0
200.0
200.0
200.0
200.0
200.0
200.0
200.0
200.0
200.0
200.0
200.0
200.0
200.0
200.0
200.0
200.0
200.0
200.0
200.0
200.0
200.0
200.0
200.0
200.0
200.0
200.0
200.0
200.0
200.0
200.0
200.0
200.0
200.0
200.0
200.0
200.0
200.0
200.0
200.0
200.0
200.0
200.0
200.0
200.0
200.0
200.0
200.0
200.0
200.0
200.0
200.0
200.0
200.0
200.0
200.0
200.0
200.0
200.0
200.0
200.0
200.0
200.0
200.0
200.0
200.0
200.0
200.0
200.0
200.0
200.0
200.0
200.0
200.0
200.0
200.0
200.0
200.0
200.0
200.0
200.0
200.0
200.0
200.0
200.0
200.0
200.0
200.0
200.0
200.0
200.0
200.0
200.0
200.0
200.0
200.0
200.0
200.0
200.0
200.0
200.0
200.0
200.0
200.0
200.0
200.0
200.0
200.0
200.0
200.0
200.0
200.0
200.0
200.0
200.0
200.0
200.0
200.0
200.0
200.0
200.0
200.0
200.0
200.0
200.0
200.0
200.0
200.0
200.0
200.0
200.0
200.0
200.0
200.0
200.0
200.0
200.0
200.0
200.0
200.0
200.0
200.0
200.0
200.0
200.0
200.0
200.0
200.0
200.0
200.0
200.0
200.0
200.0
200.0
200.0
200.0
200.0
200.0
200.0
200.0
200.0
200.0
200.0
200.0
200.0
200.0
200.0
200.0
200.0
200.0
200.0
200.0
200.0
200.0
200.0
200.0
200.0
200.0
200.0
200.0
200.0
200.0
200.0
200.0
200.0
200.0
200.0
200.0
200.0
200.0
200.0
200.0
200.0
200.0
200.0
200.0
200.0
200.0
200.0
200.0
200.0
200.0
200.0
200.0
200.0
200.0
200.0
200.0
200.0
200.0
200.0
200.0
200.0
200.0
200.0
200.0
200.0
200.0
200.0
200.0
200.0
200.0
200.0
200.0
200.0
200.0
200.0
200.0
200.0
200.0
200.0
200.0
200.0
200.0
200.0
200.0
200.0
200.0
200.0
200.0
200.0
200.0
200.0
200.0
200.0
200.0
200.0
200.0
200.0
200.0
200.0
200.0
200.0
200.0
200.0
200.0
200.0
200.0
200.0
200.0
200.0
200.0
200.0
200.0
200.0
200.0
200.0
200.0
200.0
200.0
200.0
200.0
200.0
200.0
200.0
200.0
200.0
200.0
200.0
200.0
200.0
200.0
200.0
200.0
200.0
200.0
200.0
200.0
200.0
200.0
200.0
200.0
200.0
200.0
200.0
200.0
200.0
200.0
200.0
200.0
200.0
200.0
200.0
200.0
200.0
200.0
200.0
200.0
200.0
200.0
200.0
200.0
200.0
200.0
200.0
200.0
200.0
200.0
200.0
200.0
200.0
200.0
200.0
200.0
200.0
200.0
200.0
200.0
200.0
200.0
200.0
200.0
200.0
200.0
200.0
200.0
200.0
200.0
200.0
200.0
200.0
200.0
200.0
200.0
200.0
200.0
200.0
200.0
200.0
200.0
200.0
200.0
200.0
200.0
200.0
200.0
200.0
200.0
200.0
200.0
200.0
200.0
200.0
200.0
200.0
200.0
200.0
200.0
200.0
200.0
200.0
200.0
200.0
200.0
200.0
200.0
200.0
200.0
200.0
200.0
200.0
200.0
200.0
200.0
200.0
200.0
200.0
200.0
200.0
200.0
200.0
200.0
200.0
200.0
200.0
200.0
200.0
200.0
200.0
200.0
200.0
200.0
200.0
200.0
200.0
200.0
200.0
200.0
200.0
200.0
200.0
200.0
200.0
200.0
200.0
200.0
200.0
200.0
200.0
200.0
200.0
200.0
200.0
200.0
200.0
200.0
200.0
200.0
200.0
200.0
200.0
200.0
200.0
200.0
200.0
200.0
200.0
200.0
200.0
200.0
200.0
200.0
200.0
200.0
200.0
200.0
200.0
200.0
200.0
200.0
200.0
200.0
200.0
200.0
200.0
200.0
200.0
200.0
200.0
200.0
200.0
200.0
200.0
200.0
200.0
200.0
200.0
200.0
200.0
200.0
200.0
200.0
200.0
200.0
200.0
200.0
200.0
200.0
200.0
200.0
200.0
200.0
200.0
200.0
200.0
200.0
200.0
200.0
200.0
200.0
200.0
200.0
200.0
200.0
200.0
200.0
200.0
200.0
200.0
200.0
200.0
200.0
200.0
200.0
200.0
200.0
200.0
200.0
200.0
200.0
200.0
200.0
200.0
200.0
200.0
200.0
200.0
200.0
200.0
200.0
200.0
200.0
200.0
200.0
200.0
200.0
200.0
200.0
200.0
200.0
200.0
200.0
200.0
200.0
200.0
200.0
200.0
200.0
200.0
200.0
200.0
200.0
200.0
200.0
200.0
200.0
200.0
200.0
200.0
200.0
200.0
200.0
200.0
200.0
200.0
200.0
200.0
200.0
200.0
200.0
200.0
200.0
200.0
200.0
200.0
200.0
200.0
200.0
200.0
200.0
200.0
200.0
200.0
200.0
200.0
200.0
200.0
200.0
200.0
200.0
200.0
200.0
200.0
200.0
200.0
200.0
200.0
200.0
200.0
200.0
200.0
200.0
200.0
200.0
200.0
200.0
200.0
200.0
200.0
200.0
200.0
200.0
200.0
200.0
200.0
200.0
200.0
200.0
200.0
200.0
200.0
200.0
200.0
200.0
200.0
200.0
200.0
