43.0
11.0
11.0
21.0
19.0
15.0
16.0
17.0
14.0
43.0
29.0
26.0
25.0
28.0
22.0
45.0
21.0
17.0
20.0
18.0
20.0
36.0
9.0
31.0
18.0
17.0
33.0
44.0
23.0
29.0
22.0
55.0
16.0
13.0
26.0
13.0
16.0
14.0
16.0
27.0
40.0
18.0
35.0
14.0
32.0
24.0
28.0
10.0
16.0
16.0
48.0
14.0
13.0
21.0
13.0
17.0
13.0
21.0
21.0
20.0
20.0
24.0
19.0
20.0
13.0
11.0
12.0
33.0
13.0
29.0
26.0
11.0
12.0
12.0
16.0
22.0
12.0
13.0
18.0
13.0
48.0
20.0
10.0
9.0
12.0
12.0
27.0
24.0
19.0
22.0
22.0
16.0
13.0
50.0
10.0
16.0
12.0
14.0
13.0
11.0
45.0
35.0
26.0
14.0
20.0
19.0
14.0
29.0
41.0
17.0
11.0
13.0
11.0
27.0
10.0
19.0
15.0
15.0
18.0
16.0
16.0
38.0
12.0
14.0
27.0
15.0
12.0
30.0
21.0
19.0
13.0
14.0
12.0
24.0
40.0
15.0
32.0
11.0
14.0
16.0
23.0
17.0
37.0
24.0
11.0
25.0
14.0
18.0
9.0
20.0
17.0
41.0
25.0
15.0
20.0
32.0
33.0
38.0
23.0
21.0
25.0
19.0
29.0
11.0
44.0
24.0
31.0
15.0
12.0
19.0
66.0
10.0
9.0
10.0
40.0
48.0
11.0
13.0
11.0
29.0
30.0
22.0
15.0
26.0
12.0
30.0
12.0
12.0
24.0
52.0
16.0
38.0
27.0
70.0
16.0
88.0
27.0
22.0
16.0
26.0
27.0
25.0
34.0
41.0
22.0
17.0
55.0
49.0
30.0
47.0
59.0
81.0
25.0
47.0
28.0
44.0
24.0
31.0
56.0
48.0
30.0
28.0
29.0
36.0
42.0
31.0
59.0
42.0
26.0
74.0
46.0
36.0
24.0
46.0
27.0
49.0
22.0
35.0
90.0
64.0
22.0
52.0
33.0
62.0
68.0
31.0
94.0
155.0
18.0
23.0
46.0
47.0
44.0
40.0
102.0
35.0
36.0
40.0
25.0
56.0
71.0
48.0
123.0
90.0
67.0
46.0
54.0
50.0
92.0
79.0
89.0
53.0
136.0
46.0
58.0
73.0
75.0
50.0
52.0
55.0
62.0
99.0
98.0
120.0
106.0
75.0
132.0
98.0
103.0
183.0
80.0
112.0
142.0
104.0
91.0
94.0
200.0
157.0
112.0
156.0
116.0
145.0
166.0
166.0
149.0
139.0
200.0
156.0
139.0
188.0
124.0
117.0
158.0
200.0
170.0
152.0
156.0
150.0
156.0
168.0
106.0
118.0
119.0
181.0
149.0
151.0
180.0
125.0
131.0
107.0
113.0
111.0
91.0
91.0
92.0
124.0
139.0
125.0
109.0
133.0
141.0
127.0
103.0
117.0
117.0
119.0
125.0
113.0
119.0
107.0
100.0
100.0
114.0
108.0
101.0
98.0
147.0
99.0
99.0
105.0
100.0
105.0
113.0
123.0
129.0
105.0
109.0
154.0
147.0
150.0
147.0
151.0
153.0
141.0
128.0
133.0
125.0
113.0
172.0
125.0
128.0
125.0
179.0
137.0
160.0
120.0
180.0
169.0
156.0
135.0
171.0
167.0
129.0
200.0
175.0
141.0
143.0
162.0
133.0
130.0
137.0
169.0
143.0
157.0
162.0
200.0
144.0
200.0
200.0
152.0
153.0
200.0
200.0
200.0
200.0
200.0
143.0
200.0
200.0
167.0
169.0
165.0
200.0
177.0
176.0
193.0
200.0
134.0
200.0
200.0
167.0
167.0
181.0
182.0
200.0
200.0
200.0
200.0
200.0
200.0
200.0
193.0
200.0
200.0
200.0
200.0
145.0
200.0
179.0
200.0
200.0
189.0
200.0
200.0
200.0
173.0
197.0
200.0
200.0
196.0
200.0
199.0
200.0
200.0
200.0
174.0
191.0
171.0
146.0
169.0
200.0
190.0
149.0
159.0
173.0
199.0
174.0
168.0
200.0
164.0
176.0
164.0
151.0
187.0
145.0
158.0
141.0
152.0
167.0
137.0
138.0
152.0
156.0
162.0
140.0
145.0
142.0
154.0
190.0
151.0
195.0
157.0
150.0
150.0
137.0
151.0
187.0
133.0
142.0
158.0
171.0
155.0
157.0
178.0
134.0
175.0
139.0
142.0
147.0
133.0
155.0
160.0
155.0
140.0
144.0
128.0
179.0
147.0
180.0
200.0
164.0
150.0
150.0
200.0
152.0
183.0
165.0
149.0
129.0
123.0
149.0
139.0
147.0
137.0
141.0
131.0
133.0
133.0
149.0
159.0
164.0
151.0
128.0
133.0
127.0
122.0
153.0
167.0
147.0
142.0
136.0
137.0
132.0
134.0
140.0
145.0
152.0
182.0
129.0
142.0
140.0
162.0
138.0
143.0
179.0
139.0
128.0
143.0
165.0
151.0
141.0
142.0
133.0
134.0
151.0
156.0
149.0
200.0
149.0
142.0
175.0
131.0
149.0
155.0
130.0
142.0
179.0
138.0
169.0
170.0
185.0
146.0
144.0
156.0
151.0
140.0
144.0
159.0
142.0
159.0
151.0
154.0
153.0
154.0
184.0
149.0
159.0
161.0
189.0
187.0
158.0
164.0
200.0
194.0
186.0
148.0
160.0
200.0
163.0
149.0
175.0
195.0
200.0
200.0
200.0
197.0
158.0
194.0
200.0
186.0
200.0
177.0
200.0
197.0
200.0
200.0
189.0
188.0
200.0
200.0
173.0
200.0
200.0
165.0
178.0
177.0
189.0
200.0
185.0
175.0
200.0
200.0
200.0
189.0
176.0
200.0
200.0
200.0
200.0
200.0
199.0
200.0
200.0
200.0
200.0
200.0
200.0
200.0
200.0
200.0
187.0
200.0
200.0
200.0
200.0
200.0
200.0
200.0
200.0
200.0
200.0
141.0
200.0
200.0
200.0
200.0
200.0
200.0
200.0
200.0
200.0
200.0
200.0
200.0
200.0
200.0
200.0
200.0
200.0
200.0
200.0
200.0
200.0
200.0
200.0
181.0
200.0
200.0
200.0
200.0
200.0
200.0
200.0
200.0
200.0
200.0
200.0
200.0
200.0
200.0
200.0
200.0
200.0
200.0
200.0
200.0
200.0
200.0
200.0
200.0
200.0
200.0
200.0
200.0
200.0
200.0
200.0
200.0
200.0
200.0
200.0
200.0
200.0
200.0
200.0
200.0
200.0
200.0
200.0
200.0
200.0
200.0
200.0
200.0
200.0
200.0
200.0
200.0
200.0
200.0
200.0
200.0
200.0
200.0
200.0
200.0
200.0
200.0
200.0
200.0
200.0
200.0
200.0
200.0
200.0
200.0
200.0
200.0
200.0
200.0
200.0
200.0
200.0
200.0
200.0
200.0
200.0
200.0
200.0
200.0
200.0
200.0
200.0
200.0
200.0
200.0
200.0
200.0
200.0
200.0
200.0
200.0
200.0
200.0
200.0
200.0
200.0
200.0
200.0
200.0
200.0
200.0
200.0
200.0
200.0
200.0
200.0
200.0
200.0
200.0
200.0
200.0
200.0
200.0
200.0
200.0
200.0
200.0
200.0
200.0
200.0
200.0
200.0
200.0
200.0
200.0
200.0
200.0
200.0
200.0
200.0
200.0
200.0
200.0
200.0
200.0
200.0
200.0
200.0
200.0
200.0
200.0
200.0
200.0
200.0
200.0
200.0
200.0
200.0
200.0
200.0
200.0
200.0
200.0
200.0
200.0
200.0
200.0
200.0
200.0
200.0
200.0
200.0
200.0
200.0
200.0
200.0
200.0
200.0
200.0
200.0
200.0
200.0
200.0
200.0
200.0
200.0
200.0
200.0
200.0
200.0
200.0
200.0
200.0
200.0
200.0
200.0
200.0
200.0
200.0
200.0
200.0
200.0
200.0
200.0
200.0
200.0
200.0
200.0
200.0
200.0
200.0
200.0
200.0
200.0
200.0
200.0
200.0
200.0
200.0
200.0
200.0
200.0
200.0
200.0
200.0
200.0
200.0
200.0
200.0
200.0
200.0
200.0
200.0
200.0
200.0
200.0
200.0
200.0
200.0
200.0
200.0
200.0
200.0
200.0
200.0
200.0
200.0
200.0
200.0
200.0
200.0
200.0
200.0
200.0
200.0
200.0
200.0
200.0
200.0
200.0
200.0
200.0
200.0
200.0
200.0
200.0
200.0
200.0
200.0
200.0
200.0
200.0
200.0
200.0
200.0
200.0
200.0
200.0
200.0
200.0
200.0
200.0
200.0
200.0
200.0
200.0
200.0
200.0
200.0
200.0
200.0
200.0
200.0
200.0
200.0
200.0
200.0
200.0
200.0
200.0
200.0
200.0
200.0
200.0
200.0
200.0
200.0
200.0
200.0
200.0
200.0
200.0
200.0
200.0
200.0
200.0
200.0
200.0
200.0
200.0
200.0
200.0
200.0
200.0
200.0
200.0
200.0
200.0
200.0
200.0
200.0
200.0
200.0
200.0
200.0
200.0
200.0
200.0
200.0
200.0
200.0
200.0
200.0
200.0
200.0
200.0
200.0
200.0
200.0
200.0
200.0
200.0
200.0
200.0
200.0
200.0
200.0
200.0
200.0
200.0
200.0
200.0
200.0
200.0
200.0
200.0
200.0
200.0
200.0
200.0
200.0
200.0
200.0
200.0
200.0
200.0
200.0
200.0
200.0
200.0
200.0
200.0
200.0
200.0
200.0
200.0
200.0
200.0
200.0
200.0
200.0
200.0
200.0
200.0
200.0
200.0
200.0
200.0
200.0
200.0
200.0
200.0
200.0
200.0
200.0
200.0
200.0
200.0
200.0
200.0
200.0
200.0
200.0
200.0
200.0
200.0
200.0
200.0
200.0
200.0
200.0
200.0
200.0
200.0
200.0
200.0
200.0
200.0
200.0
200.0
200.0
200.0
200.0
200.0
200.0
200.0
200.0
200.0
200.0
200.0
200.0
200.0
200.0
200.0
200.0
200.0
200.0
200.0
200.0
200.0
200.0
200.0
200.0
200.0
200.0
200.0
200.0
200.0
200.0
200.0
200.0
200.0
200.0
200.0
200.0
200.0
200.0
200.0
200.0
200.0
200.0
200.0
200.0
200.0
200.0
200.0
200.0
200.0
200.0
200.0
200.0
200.0
200.0
200.0
200.0
200.0
200.0
200.0
200.0
200.0
200.0
200.0
200.0
200.0
200.0
200.0
200.0
200.0
200.0
200.0
200.0
200.0
200.0
200.0
200.0
200.0
200.0
200.0
200.0
200.0
200.0
200.0
200.0
200.0
200.0
200.0
200.0
200.0
200.0
200.0
200.0
200.0
200.0
200.0
200.0
200.0
200.0
200.0
200.0
200.0
200.0
200.0
200.0
200.0
200.0
200.0
200.0
200.0
200.0
200.0
200.0
200.0
200.0
200.0
200.0
200.0
200.0
200.0
200.0
200.0
200.0
200.0
200.0
200.0
200.0
200.0
200.0
200.0
200.0
200.0
200.0
200.0
200.0
200.0
200.0
200.0
200.0
200.0
200.0
200.0
200.0
200.0
200.0
200.0
200.0
200.0
200.0
200.0
200.0
200.0
200.0
200.0
200.0
200.0
200.0
200.0
200.0
200.0
200.0
200.0
200.0
200.0
200.0
200.0
200.0
200.0
200.0
200.0
200.0
200.0
200.0
200.0
200.0
200.0
200.0
200.0
200.0
200.0
200.0
200.0
200.0
200.0
200.0
200.0
200.0
200.0
200.0
200.0
200.0
200.0
200.0
200.0
200.0
200.0
200.0
200.0
200.0
200.0
200.0
200.0
200.0
200.0
200.0
200.0
200.0
200.0
200.0
200.0
200.0
200.0
200.0
200.0
200.0
200.0
200.0
200.0
200.0
200.0
200.0
200.0
200.0
200.0
200.0
200.0
200.0
200.0
200.0
200.0
200.0
200.0
200.0
200.0
200.0
200.0
200.0
200.0
200.0
200.0
200.0
200.0
200.0
200.0
200.0
200.0
200.0
200.0
200.0
200.0
200.0
200.0
200.0
200.0
200.0
200.0
200.0
200.0
200.0
200.0
200.0
200.0
200.0
200.0
200.0
200.0
200.0
200.0
200.0
200.0
200.0
200.0
200.0
200.0
200.0
200.0
200.0
200.0
200.0
200.0
200.0
200.0
200.0
200.0
200.0
200.0
200.0
200.0
200.0
200.0
200.0
200.0
200.0
200.0
200.0
200.0
200.0
200.0
200.0
200.0
200.0
200.0
200.0
200.0
200.0
200.0
200.0
200.0
200.0
200.0
200.0
200.0
200.0
200.0
200.0
200.0
200.0
200.0
200.0
200.0
200.0
200.0
200.0
200.0
200.0
200.0
200.0
200.0
200.0
200.0
200.0
200.0
200.0
200.0
200.0
200.0
200.0
200.0
200.0
200.0
200.0
200.0
200.0
200.0
200.0
200.0
200.0
200.0
200.0
200.0
200.0
200.0
200.0
200.0
200.0
200.0
200.0
200.0
200.0
200.0
200.0
200.0
200.0
200.0
200.0
200.0
200.0
200.0
200.0
200.0
200.0
200.0
200.0
200.0
200.0
200.0
200.0
200.0
200.0
200.0
200.0
200.0
200.0
200.0
200.0
200.0
200.0
200.0
200.0
200.0
200.0
200.0
200.0
200.0
200.0
200.0
200.0
200.0
200.0
200.0
200.0
200.0
200.0
200.0
200.0
200.0
200.0
200.0
200.0
200.0
200.0
200.0
200.0
200.0
200.0
200.0
200.0
200.0
200.0
200.0
200.0
200.0
200.0
200.0
200.0
200.0
200.0
200.0
200.0
200.0
200.0
200.0
200.0
200.0
200.0
200.0
200.0
200.0
200.0
200.0
200.0
200.0
200.0
200.0
200.0
200.0
200.0
200.0
200.0
200.0
200.0
200.0
200.0
200.0
200.0
200.0
200.0
200.0
200.0
200.0
200.0
200.0
200.0
200.0
200.0
200.0
200.0
200.0
200.0
200.0
200.0
200.0
200.0
200.0
200.0
200.0
200.0
200.0
200.0
200.0
200.0
200.0
200.0
200.0
200.0
200.0
200.0
200.0
200.0
200.0
200.0
200.0
200.0
200.0
200.0
200.0
200.0
200.0
200.0
200.0
200.0
200.0
200.0
200.0
200.0
200.0
200.0
200.0
200.0
200.0
200.0
200.0
200.0
200.0
200.0
200.0
200.0
200.0
200.0
200.0
200.0
200.0
200.0
200.0
200.0
200.0
200.0
200.0
200.0
200.0
200.0
200.0
200.0
200.0
200.0
200.0
200.0
200.0
200.0
200.0
200.0
200.0
200.0
200.0
200.0
200.0
200.0
200.0
200.0
200.0
200.0
200.0
200.0
200.0
200.0
200.0
200.0
200.0
200.0
200.0
200.0
200.0
200.0
200.0
200.0
200.0
200.0
200.0
200.0
200.0
200.0
200.0
200.0
200.0
200.0
200.0
200.0
200.0
200.0
200.0
200.0
200.0
200.0
200.0
200.0
200.0
200.0
200.0
200.0
200.0
200.0
200.0
200.0
200.0
200.0
200.0
200.0
200.0
200.0
200.0
200.0
200.0
200.0
200.0
200.0
200.0
200.0
200.0
200.0
200.0
200.0
200.0
200.0
200.0
200.0
200.0
200.0
200.0
200.0
200.0
200.0
200.0
200.0
200.0
200.0
200.0
200.0
200.0
200.0
200.0
200.0
200.0
200.0
200.0
200.0
200.0
200.0
200.0
200.0
200.0
200.0
200.0
200.0
200.0
200.0
200.0
200.0
200.0
200.0
200.0
200.0
200.0
200.0
200.0
200.0
200.0
200.0
200.0
200.0
200.0
200.0
200.0
200.0
200.0
200.0
200.0
200.0
200.0
200.0
200.0
200.0
200.0
200.0
200.0
200.0
200.0
200.0
200.0
200.0
200.0
200.0
200.0
200.0
200.0
200.0
200.0
200.0
200.0
200.0
200.0
200.0
200.0
200.0
200.0
200.0
200.0
200.0
200.0
200.0
200.0
200.0
200.0
200.0
200.0
200.0
200.0
200.0
200.0
200.0
200.0
200.0
200.0
200.0
200.0
200.0
200.0
200.0
200.0
200.0
200.0
200.0
200.0
200.0
200.0
200.0
200.0
200.0
200.0
200.0
200.0
200.0
200.0
200.0
200.0
200.0
200.0
200.0
200.0
200.0
200.0
200.0
200.0
200.0
200.0
200.0
200.0
200.0
200.0
200.0
200.0
200.0
200.0
200.0
200.0
200.0
200.0
200.0
200.0
200.0
200.0
200.0
200.0
200.0
200.0
200.0
200.0
200.0
200.0
200.0
200.0
200.0
200.0
200.0
200.0
200.0
200.0
200.0
200.0
200.0
200.0
200.0
200.0
200.0
200.0
200.0
200.0
200.0
200.0
200.0
200.0
200.0
200.0
200.0
200.0
200.0
200.0
200.0
200.0
200.0
200.0
200.0
200.0
200.0
200.0
200.0
200.0
200.0
200.0
200.0
200.0
200.0
200.0
200.0
200.0
200.0
200.0
200.0
200.0
200.0
200.0
200.0
200.0
200.0
200.0
200.0
200.0
200.0
200.0
200.0
200.0
200.0
200.0
200.0
200.0
200.0
200.0
200.0
200.0
200.0
200.0
200.0
200.0
200.0
200.0
200.0
200.0
200.0
200.0
200.0
200.0
200.0
200.0
200.0
200.0
200.0
200.0
200.0
200.0
200.0
200.0
200.0
