52.0
21.0
35.0
13.0
11.0
42.0
18.0
19.0
16.0
18.0
26.0
50.0
28.0
27.0
21.0
19.0
14.0
13.0
27.0
20.0
25.0
24.0
17.0
9.0
10.0
19.0
9.0
20.0
11.0
16.0
10.0
10.0
16.0
27.0
24.0
18.0
18.0
32.0
16.0
14.0
14.0
46.0
13.0
32.0
52.0
20.0
11.0
19.0
17.0
10.0
35.0
14.0
23.0
11.0
28.0
15.0
10.0
25.0
27.0
18.0
13.0
26.0
72.0
27.0
12.0
14.0
9.0
15.0
31.0
38.0
19.0
10.0
20.0
21.0
47.0
13.0
21.0
26.0
33.0
23.0
32.0
20.0
26.0
32.0
26.0
13.0
40.0
9.0
24.0
26.0
33.0
27.0
27.0
32.0
16.0
12.0
10.0
37.0
31.0
25.0
28.0
11.0
19.0
26.0
25.0
22.0
25.0
9.0
12.0
10.0
12.0
31.0
17.0
13.0
11.0
17.0
17.0
19.0
27.0
22.0
12.0
35.0
13.0
25.0
30.0
13.0
26.0
14.0
48.0
50.0
57.0
16.0
43.0
25.0
45.0
34.0
88.0
16.0
50.0
29.0
21.0
57.0
27.0
27.0
18.0
57.0
32.0
14.0
28.0
26.0
15.0
30.0
33.0
34.0
31.0
113.0
33.0
22.0
47.0
36.0
55.0
76.0
62.0
19.0
66.0
71.0
42.0
37.0
14.0
33.0
36.0
50.0
17.0
51.0
132.0
65.0
29.0
20.0
40.0
82.0
47.0
144.0
86.0
36.0
46.0
66.0
97.0
45.0
70.0
109.0
102.0
86.0
92.0
71.0
89.0
37.0
71.0
147.0
72.0
42.0
134.0
104.0
130.0
62.0
125.0
95.0
165.0
61.0
45.0
43.0
35.0
45.0
36.0
41.0
55.0
19.0
59.0
41.0
67.0
68.0
35.0
43.0
33.0
54.0
41.0
60.0
46.0
47.0
64.0
51.0
44.0
47.0
41.0
39.0
33.0
21.0
42.0
40.0
40.0
44.0
39.0
40.0
49.0
65.0
81.0
44.0
56.0
88.0
50.0
46.0
67.0
70.0
69.0
71.0
88.0
59.0
71.0
103.0
79.0
74.0
79.0
74.0
83.0
89.0
64.0
62.0
70.0
95.0
77.0
107.0
120.0
70.0
99.0
94.0
91.0
76.0
135.0
124.0
136.0
120.0
131.0
138.0
121.0
143.0
133.0
152.0
147.0
119.0
131.0
128.0
149.0
134.0
137.0
158.0
158.0
142.0
147.0
176.0
137.0
152.0
181.0
160.0
144.0
164.0
158.0
141.0
165.0
145.0
155.0
144.0
156.0
172.0
180.0
168.0
200.0
200.0
140.0
142.0
154.0
152.0
166.0
142.0
148.0
187.0
200.0
165.0
163.0
193.0
200.0
158.0
176.0
200.0
160.0
180.0
200.0
196.0
200.0
171.0
183.0
200.0
159.0
196.0
200.0
200.0
200.0
192.0
160.0
200.0
172.0
187.0
178.0
168.0
179.0
162.0
162.0
170.0
200.0
200.0
200.0
200.0
200.0
200.0
200.0
200.0
200.0
200.0
200.0
200.0
200.0
200.0
200.0
200.0
200.0
200.0
200.0
200.0
180.0
193.0
200.0
200.0
200.0
200.0
200.0
200.0
200.0
200.0
200.0
200.0
200.0
200.0
200.0
200.0
200.0
200.0
200.0
200.0
200.0
153.0
200.0
165.0
200.0
200.0
200.0
150.0
200.0
200.0
200.0
200.0
200.0
200.0
200.0
200.0
158.0
188.0
162.0
200.0
182.0
163.0
151.0
144.0
128.0
179.0
151.0
120.0
134.0
143.0
144.0
200.0
169.0
124.0
166.0
152.0
200.0
175.0
185.0
200.0
200.0
193.0
200.0
200.0
149.0
115.0
185.0
138.0
136.0
129.0
118.0
188.0
111.0
145.0
141.0
189.0
111.0
123.0
169.0
131.0
125.0
131.0
119.0
130.0
116.0
94.0
132.0
100.0
97.0
106.0
113.0
100.0
121.0
129.0
94.0
123.0
99.0
94.0
118.0
118.0
98.0
101.0
120.0
119.0
104.0
118.0
140.0
112.0
110.0
114.0
108.0
122.0
101.0
120.0
96.0
117.0
154.0
122.0
125.0
114.0
101.0
121.0
108.0
173.0
125.0
123.0
124.0
103.0
120.0
107.0
98.0
113.0
117.0
147.0
131.0
108.0
125.0
121.0
117.0
143.0
114.0
109.0
121.0
151.0
125.0
126.0
152.0
163.0
127.0
121.0
110.0
129.0
105.0
134.0
125.0
127.0
118.0
142.0
159.0
118.0
135.0
137.0
129.0
122.0
117.0
153.0
165.0
129.0
126.0
170.0
136.0
142.0
144.0
145.0
123.0
127.0
183.0
179.0
136.0
200.0
200.0
132.0
142.0
200.0
169.0
200.0
132.0
143.0
151.0
123.0
150.0
140.0
162.0
127.0
137.0
138.0
142.0
142.0
144.0
139.0
141.0
142.0
143.0
142.0
137.0
136.0
159.0
139.0
124.0
134.0
135.0
127.0
134.0
132.0
120.0
146.0
143.0
118.0
120.0
124.0
98.0
114.0
127.0
135.0
121.0
132.0
132.0
124.0
110.0
133.0
139.0
120.0
143.0
145.0
122.0
115.0
142.0
153.0
114.0
117.0
119.0
118.0
136.0
133.0
128.0
126.0
141.0
135.0
125.0
129.0
135.0
116.0
128.0
124.0
120.0
126.0
122.0
127.0
117.0
124.0
116.0
114.0
121.0
114.0
124.0
119.0
116.0
118.0
120.0
122.0
120.0
117.0
115.0
110.0
116.0
111.0
118.0
119.0
113.0
105.0
109.0
113.0
111.0
111.0
115.0
115.0
114.0
112.0
114.0
118.0
109.0
111.0
106.0
113.0
108.0
109.0
109.0
111.0
111.0
111.0
112.0
114.0
112.0
110.0
112.0
105.0
115.0
115.0
115.0
107.0
12.0
114.0
106.0
105.0
108.0
113.0
116.0
110.0
116.0
117.0
114.0
116.0
118.0
115.0
123.0
122.0
122.0
120.0
124.0
123.0
119.0
127.0
117.0
117.0
125.0
121.0
127.0
126.0
136.0
134.0
128.0
130.0
143.0
136.0
137.0
138.0
146.0
144.0
148.0
153.0
157.0
151.0
161.0
162.0
154.0
165.0
161.0
158.0
166.0
180.0
164.0
195.0
200.0
193.0
200.0
200.0
200.0
200.0
200.0
200.0
200.0
200.0
200.0
200.0
200.0
200.0
200.0
200.0
200.0
200.0
200.0
200.0
200.0
200.0
200.0
200.0
200.0
200.0
200.0
200.0
200.0
200.0
200.0
200.0
200.0
200.0
200.0
200.0
200.0
200.0
200.0
200.0
200.0
200.0
200.0
200.0
200.0
200.0
200.0
200.0
200.0
200.0
200.0
200.0
200.0
15.0
13.0
200.0
200.0
200.0
12.0
200.0
200.0
200.0
200.0
200.0
200.0
200.0
200.0
200.0
200.0
200.0
200.0
200.0
200.0
15.0
200.0
200.0
200.0
200.0
200.0
200.0
200.0
200.0
200.0
200.0
200.0
200.0
200.0
200.0
200.0
200.0
200.0
200.0
200.0
200.0
200.0
200.0
200.0
200.0
200.0
200.0
200.0
200.0
200.0
200.0
200.0
200.0
200.0
200.0
200.0
200.0
200.0
200.0
200.0
200.0
200.0
200.0
200.0
200.0
200.0
200.0
200.0
200.0
200.0
200.0
200.0
200.0
200.0
200.0
200.0
200.0
200.0
200.0
200.0
200.0
200.0
200.0
200.0
200.0
200.0
200.0
200.0
200.0
200.0
200.0
200.0
200.0
200.0
200.0
200.0
200.0
200.0
200.0
200.0
200.0
200.0
200.0
200.0
200.0
200.0
200.0
200.0
200.0
200.0
200.0
200.0
200.0
200.0
200.0
200.0
200.0
200.0
200.0
200.0
200.0
200.0
200.0
200.0
200.0
200.0
200.0
200.0
200.0
200.0
200.0
200.0
200.0
200.0
200.0
200.0
200.0
200.0
200.0
200.0
200.0
200.0
200.0
200.0
200.0
200.0
200.0
200.0
200.0
200.0
200.0
200.0
200.0
200.0
200.0
200.0
200.0
200.0
200.0
200.0
200.0
200.0
200.0
200.0
200.0
200.0
200.0
200.0
200.0
200.0
200.0
200.0
200.0
200.0
200.0
200.0
200.0
200.0
200.0
200.0
200.0
200.0
200.0
200.0
200.0
200.0
200.0
200.0
200.0
200.0
200.0
200.0
200.0
200.0
200.0
200.0
200.0
200.0
200.0
200.0
200.0
200.0
200.0
200.0
200.0
200.0
200.0
200.0
200.0
200.0
200.0
200.0
200.0
200.0
200.0
200.0
200.0
200.0
200.0
200.0
200.0
200.0
200.0
200.0
200.0
200.0
200.0
200.0
200.0
200.0
200.0
200.0
200.0
200.0
200.0
200.0
200.0
200.0
200.0
200.0
200.0
200.0
200.0
200.0
200.0
200.0
200.0
200.0
200.0
200.0
200.0
200.0
200.0
200.0
200.0
200.0
200.0
200.0
200.0
200.0
200.0
200.0
200.0
200.0
200.0
200.0
200.0
200.0
200.0
200.0
200.0
200.0
200.0
200.0
200.0
200.0
200.0
200.0
200.0
200.0
200.0
200.0
200.0
200.0
200.0
200.0
200.0
200.0
200.0
200.0
200.0
200.0
200.0
200.0
200.0
200.0
200.0
200.0
200.0
200.0
200.0
200.0
200.0
200.0
200.0
200.0
200.0
200.0
200.0
200.0
200.0
200.0
200.0
200.0
200.0
200.0
200.0
200.0
200.0
200.0
200.0
200.0
200.0
200.0
200.0
200.0
200.0
200.0
200.0
200.0
200.0
200.0
200.0
200.0
200.0
200.0
200.0
200.0
200.0
200.0
200.0
200.0
200.0
200.0
200.0
200.0
200.0
200.0
200.0
200.0
200.0
200.0
200.0
200.0
200.0
200.0
200.0
200.0
200.0
200.0
200.0
200.0
200.0
200.0
200.0
200.0
200.0
200.0
200.0
200.0
200.0
200.0
200.0
200.0
200.0
200.0
200.0
200.0
200.0
200.0
200.0
200.0
200.0
200.0
200.0
200.0
200.0
200.0
200.0
200.0
200.0
200.0
200.0
200.0
200.0
200.0
200.0
200.0
200.0
200.0
200.0
200.0
200.0
200.0
200.0
200.0
200.0
200.0
200.0
200.0
200.0
200.0
200.0
200.0
200.0
200.0
200.0
200.0
200.0
200.0
200.0
200.0
200.0
200.0
200.0
200.0
200.0
200.0
200.0
200.0
200.0
200.0
200.0
200.0
200.0
200.0
200.0
200.0
200.0
200.0
200.0
200.0
200.0
200.0
200.0
200.0
200.0
200.0
200.0
200.0
200.0
200.0
200.0
200.0
200.0
200.0
200.0
200.0
200.0
200.0
200.0
200.0
200.0
200.0
200.0
200.0
200.0
200.0
200.0
200.0
200.0
200.0
200.0
200.0
200.0
200.0
200.0
200.0
200.0
200.0
200.0
200.0
200.0
200.0
200.0
200.0
200.0
200.0
200.0
200.0
200.0
200.0
200.0
200.0
200.0
200.0
200.0
200.0
200.0
200.0
200.0
200.0
200.0
200.0
200.0
200.0
200.0
200.0
200.0
200.0
200.0
200.0
200.0
200.0
200.0
200.0
200.0
200.0
200.0
200.0
200.0
200.0
200.0
200.0
200.0
200.0
200.0
200.0
200.0
200.0
200.0
200.0
200.0
200.0
200.0
200.0
200.0
200.0
200.0
200.0
200.0
200.0
200.0
200.0
200.0
200.0
200.0
200.0
200.0
200.0
200.0
200.0
200.0
200.0
200.0
200.0
200.0
200.0
200.0
200.0
200.0
200.0
200.0
200.0
200.0
200.0
200.0
200.0
200.0
200.0
200.0
200.0
200.0
200.0
200.0
200.0
200.0
200.0
200.0
200.0
200.0
200.0
200.0
200.0
200.0
200.0
200.0
200.0
200.0
200.0
200.0
200.0
200.0
200.0
200.0
200.0
200.0
200.0
200.0
200.0
200.0
200.0
200.0
200.0
200.0
200.0
200.0
200.0
200.0
200.0
200.0
200.0
200.0
200.0
200.0
200.0
200.0
200.0
200.0
200.0
200.0
200.0
200.0
200.0
200.0
200.0
200.0
200.0
200.0
200.0
200.0
200.0
200.0
200.0
200.0
200.0
200.0
200.0
200.0
200.0
200.0
200.0
200.0
200.0
200.0
200.0
200.0
200.0
200.0
200.0
200.0
200.0
200.0
200.0
200.0
200.0
200.0
200.0
200.0
200.0
200.0
200.0
200.0
200.0
200.0
200.0
200.0
200.0
200.0
200.0
200.0
200.0
200.0
200.0
200.0
200.0
200.0
200.0
200.0
200.0
200.0
200.0
200.0
200.0
200.0
200.0
200.0
200.0
200.0
200.0
200.0
200.0
200.0
200.0
200.0
200.0
200.0
200.0
200.0
200.0
200.0
200.0
200.0
200.0
200.0
200.0
200.0
200.0
200.0
200.0
200.0
200.0
200.0
200.0
200.0
200.0
200.0
200.0
200.0
200.0
200.0
200.0
200.0
200.0
200.0
200.0
200.0
200.0
200.0
200.0
200.0
200.0
200.0
200.0
200.0
200.0
200.0
200.0
200.0
200.0
200.0
200.0
200.0
200.0
200.0
200.0
200.0
200.0
200.0
200.0
200.0
200.0
200.0
200.0
200.0
200.0
200.0
200.0
200.0
200.0
200.0
200.0
200.0
200.0
200.0
200.0
200.0
200.0
200.0
200.0
200.0
200.0
200.0
200.0
200.0
200.0
200.0
200.0
200.0
200.0
200.0
200.0
200.0
200.0
200.0
200.0
200.0
200.0
200.0
200.0
200.0
200.0
200.0
200.0
200.0
200.0
200.0
200.0
200.0
200.0
200.0
200.0
200.0
200.0
200.0
200.0
200.0
200.0
200.0
200.0
200.0
200.0
200.0
200.0
200.0
200.0
200.0
200.0
200.0
200.0
200.0
200.0
200.0
200.0
200.0
200.0
200.0
200.0
200.0
200.0
200.0
200.0
200.0
200.0
200.0
200.0
200.0
200.0
200.0
200.0
200.0
200.0
200.0
200.0
200.0
200.0
200.0
200.0
200.0
200.0
200.0
200.0
200.0
200.0
200.0
200.0
200.0
200.0
200.0
200.0
200.0
200.0
200.0
200.0
200.0
200.0
200.0
200.0
200.0
200.0
200.0
200.0
200.0
200.0
200.0
200.0
200.0
200.0
200.0
200.0
200.0
200.0
200.0
200.0
200.0
200.0
200.0
200.0
200.0
200.0
200.0
200.0
200.0
200.0
200.0
200.0
200.0
200.0
200.0
200.0
200.0
200.0
200.0
200.0
200.0
200.0
200.0
200.0
200.0
200.0
200.0
200.0
200.0
200.0
200.0
200.0
200.0
200.0
200.0
200.0
200.0
200.0
200.0
200.0
200.0
200.0
200.0
200.0
200.0
200.0
200.0
200.0
200.0
200.0
200.0
200.0
200.0
200.0
200.0
200.0
200.0
200.0
200.0
200.0
200.0
200.0
200.0
200.0
200.0
200.0
200.0
200.0
200.0
200.0
200.0
200.0
200.0
200.0
200.0
200.0
200.0
200.0
200.0
200.0
200.0
200.0
200.0
200.0
200.0
200.0
200.0
200.0
200.0
200.0
200.0
200.0
200.0
200.0
200.0
200.0
200.0
200.0
200.0
200.0
200.0
200.0
200.0
200.0
200.0
200.0
200.0
200.0
200.0
200.0
200.0
200.0
200.0
200.0
200.0
200.0
200.0
200.0
200.0
200.0
200.0
200.0
200.0
200.0
200.0
200.0
200.0
200.0
200.0
200.0
200.0
200.0
200.0
200.0
200.0
200.0
200.0
200.0
200.0
200.0
200.0
200.0
200.0
200.0
200.0
200.0
200.0
200.0
200.0
200.0
200.0
200.0
200.0
200.0
200.0
200.0
200.0
200.0
200.0
200.0
200.0
200.0
200.0
200.0
200.0
200.0
200.0
200.0
200.0
200.0
200.0
200.0
200.0
200.0
200.0
200.0
200.0
200.0
200.0
200.0
200.0
200.0
200.0
200.0
200.0
200.0
200.0
200.0
200.0
200.0
200.0
200.0
200.0
200.0
200.0
200.0
200.0
200.0
200.0
200.0
200.0
200.0
200.0
200.0
200.0
200.0
200.0
200.0
200.0
200.0
200.0
200.0
200.0
200.0
200.0
200.0
200.0
200.0
200.0
200.0
200.0
200.0
200.0
200.0
200.0
200.0
200.0
200.0
200.0
200.0
200.0
200.0
200.0
200.0
200.0
200.0
200.0
200.0
200.0
200.0
200.0
200.0
200.0
200.0
200.0
200.0
200.0
200.0
200.0
200.0
200.0
200.0
200.0
200.0
200.0
200.0
200.0
200.0
200.0
200.0
200.0
200.0
200.0
200.0
200.0
200.0
200.0
200.0
200.0
200.0
200.0
200.0
200.0
200.0
200.0
200.0
200.0
200.0
200.0
200.0
200.0
200.0
200.0
200.0
200.0
200.0
200.0
200.0
200.0
200.0
200.0
200.0
200.0
200.0
200.0
200.0
200.0
200.0
200.0
200.0
200.0
200.0
200.0
200.0
200.0
200.0
200.0
200.0
200.0
200.0
200.0
200.0
200.0
200.0
200.0
200.0
200.0
200.0
200.0
200.0
200.0
200.0
200.0
200.0
200.0
