17.0
15.0
16.0
27.0
72.0
12.0
31.0
18.0
22.0
44.0
18.0
21.0
50.0
12.0
15.0
38.0
40.0
32.0
27.0
37.0
15.0
30.0
19.0
20.0
11.0
28.0
25.0
16.0
16.0
15.0
32.0
20.0
30.0
15.0
37.0
39.0
37.0
11.0
27.0
16.0
27.0
12.0
17.0
51.0
16.0
17.0
29.0
17.0
53.0
21.0
10.0
14.0
25.0
14.0
24.0
14.0
27.0
12.0
9.0
14.0
23.0
24.0
14.0
16.0
13.0
39.0
13.0
15.0
35.0
30.0
20.0
15.0
13.0
16.0
11.0
20.0
11.0
12.0
27.0
14.0
10.0
21.0
24.0
19.0
11.0
18.0
17.0
9.0
12.0
28.0
15.0
23.0
14.0
20.0
22.0
20.0
18.0
16.0
17.0
16.0
21.0
15.0
16.0
35.0
18.0
17.0
10.0
51.0
13.0
14.0
18.0
33.0
16.0
15.0
12.0
33.0
16.0
11.0
9.0
12.0
21.0
16.0
12.0
13.0
15.0
27.0
15.0
21.0
53.0
8.0
22.0
11.0
12.0
13.0
26.0
17.0
11.0
23.0
20.0
14.0
26.0
19.0
26.0
31.0
19.0
25.0
18.0
50.0
26.0
28.0
35.0
52.0
13.0
10.0
16.0
22.0
20.0
9.0
56.0
17.0
16.0
31.0
12.0
21.0
45.0
30.0
51.0
54.0
11.0
11.0
12.0
17.0
19.0
41.0
27.0
51.0
16.0
45.0
89.0
51.0
29.0
50.0
28.0
39.0
20.0
38.0
36.0
42.0
26.0
23.0
44.0
57.0
39.0
35.0
35.0
39.0
23.0
29.0
34.0
12.0
32.0
22.0
34.0
71.0
43.0
53.0
68.0
35.0
52.0
17.0
38.0
48.0
68.0
61.0
34.0
75.0
72.0
58.0
48.0
26.0
51.0
83.0
43.0
97.0
51.0
117.0
57.0
73.0
42.0
13.0
56.0
60.0
89.0
78.0
54.0
28.0
52.0
82.0
39.0
60.0
67.0
64.0
55.0
54.0
66.0
59.0
105.0
128.0
73.0
127.0
77.0
115.0
113.0
96.0
92.0
71.0
173.0
73.0
139.0
69.0
87.0
116.0
85.0
74.0
63.0
66.0
145.0
112.0
107.0
73.0
112.0
125.0
66.0
84.0
192.0
150.0
114.0
82.0
146.0
110.0
115.0
118.0
85.0
101.0
77.0
159.0
80.0
155.0
129.0
86.0
112.0
106.0
98.0
200.0
197.0
186.0
106.0
120.0
105.0
108.0
123.0
142.0
109.0
138.0
122.0
167.0
183.0
190.0
200.0
200.0
127.0
186.0
154.0
200.0
200.0
200.0
179.0
177.0
197.0
155.0
135.0
144.0
137.0
164.0
195.0
153.0
200.0
200.0
165.0
200.0
200.0
200.0
200.0
177.0
200.0
200.0
200.0
200.0
186.0
160.0
200.0
200.0
200.0
200.0
178.0
162.0
200.0
171.0
200.0
200.0
200.0
197.0
200.0
200.0
170.0
200.0
200.0
186.0
196.0
200.0
200.0
200.0
200.0
200.0
200.0
200.0
184.0
200.0
200.0
200.0
193.0
200.0
200.0
180.0
200.0
200.0
200.0
200.0
200.0
200.0
200.0
199.0
186.0
200.0
200.0
200.0
200.0
200.0
180.0
200.0
200.0
200.0
200.0
200.0
200.0
200.0
200.0
200.0
200.0
190.0
200.0
190.0
200.0
200.0
200.0
166.0
200.0
200.0
193.0
200.0
200.0
200.0
200.0
176.0
200.0
200.0
169.0
179.0
200.0
176.0
200.0
200.0
200.0
200.0
177.0
200.0
200.0
200.0
200.0
200.0
200.0
195.0
200.0
200.0
200.0
200.0
200.0
192.0
200.0
165.0
200.0
200.0
175.0
186.0
200.0
200.0
200.0
200.0
180.0
200.0
200.0
200.0
200.0
200.0
191.0
200.0
178.0
193.0
200.0
182.0
200.0
192.0
200.0
200.0
200.0
178.0
200.0
186.0
200.0
200.0
200.0
200.0
181.0
200.0
200.0
163.0
159.0
151.0
162.0
200.0
200.0
169.0
176.0
200.0
200.0
200.0
200.0
172.0
200.0
166.0
200.0
200.0
200.0
171.0
200.0
161.0
200.0
200.0
188.0
200.0
200.0
200.0
200.0
198.0
200.0
200.0
197.0
200.0
200.0
200.0
172.0
162.0
200.0
189.0
194.0
200.0
200.0
200.0
200.0
200.0
200.0
200.0
200.0
200.0
200.0
181.0
158.0
200.0
200.0
200.0
200.0
200.0
200.0
200.0
173.0
200.0
200.0
200.0
200.0
200.0
200.0
195.0
200.0
200.0
200.0
200.0
189.0
200.0
200.0
200.0
200.0
192.0
200.0
200.0
200.0
200.0
200.0
200.0
200.0
200.0
200.0
200.0
173.0
189.0
200.0
180.0
200.0
200.0
200.0
200.0
200.0
175.0
200.0
200.0
200.0
200.0
200.0
179.0
200.0
200.0
200.0
200.0
200.0
178.0
200.0
200.0
188.0
200.0
200.0
200.0
168.0
200.0
196.0
200.0
200.0
198.0
200.0
200.0
200.0
200.0
200.0
200.0
200.0
200.0
200.0
178.0
200.0
200.0
200.0
175.0
200.0
200.0
200.0
198.0
179.0
160.0
200.0
173.0
200.0
188.0
175.0
193.0
200.0
171.0
190.0
200.0
200.0
200.0
200.0
200.0
200.0
200.0
191.0
200.0
200.0
199.0
200.0
173.0
200.0
167.0
200.0
179.0
200.0
200.0
166.0
182.0
187.0
174.0
163.0
180.0
200.0
189.0
200.0
200.0
198.0
158.0
173.0
158.0
200.0
200.0
179.0
200.0
200.0
200.0
200.0
189.0
189.0
200.0
183.0
162.0
190.0
200.0
160.0
200.0
200.0
181.0
162.0
169.0
166.0
193.0
166.0
169.0
186.0
174.0
200.0
175.0
183.0
200.0
164.0
176.0
200.0
180.0
200.0
200.0
200.0
193.0
174.0
200.0
200.0
200.0
185.0
200.0
197.0
200.0
200.0
173.0
200.0
200.0
200.0
182.0
185.0
200.0
176.0
200.0
181.0
182.0
197.0
200.0
200.0
200.0
200.0
200.0
200.0
200.0
200.0
200.0
200.0
200.0
200.0
200.0
200.0
200.0
200.0
200.0
200.0
200.0
200.0
200.0
200.0
200.0
200.0
200.0
200.0
200.0
200.0
200.0
200.0
200.0
200.0
200.0
200.0
200.0
200.0
200.0
200.0
200.0
200.0
200.0
200.0
200.0
200.0
200.0
200.0
200.0
200.0
200.0
200.0
200.0
200.0
200.0
200.0
200.0
200.0
200.0
200.0
200.0
200.0
200.0
200.0
200.0
200.0
200.0
200.0
200.0
200.0
200.0
200.0
200.0
200.0
200.0
200.0
200.0
200.0
200.0
200.0
200.0
200.0
200.0
200.0
200.0
200.0
200.0
200.0
200.0
200.0
200.0
200.0
200.0
200.0
200.0
200.0
200.0
200.0
200.0
200.0
200.0
200.0
200.0
200.0
200.0
200.0
200.0
200.0
200.0
200.0
200.0
200.0
200.0
200.0
200.0
200.0
200.0
200.0
200.0
200.0
200.0
200.0
200.0
200.0
200.0
200.0
200.0
200.0
200.0
200.0
200.0
200.0
200.0
200.0
200.0
200.0
200.0
200.0
200.0
200.0
200.0
200.0
200.0
200.0
200.0
200.0
200.0
200.0
200.0
200.0
200.0
200.0
200.0
200.0
200.0
200.0
200.0
200.0
200.0
200.0
200.0
200.0
200.0
200.0
200.0
200.0
200.0
200.0
200.0
200.0
200.0
200.0
200.0
200.0
200.0
200.0
200.0
200.0
200.0
200.0
200.0
200.0
200.0
200.0
200.0
200.0
200.0
200.0
200.0
200.0
200.0
200.0
200.0
200.0
200.0
200.0
200.0
200.0
200.0
200.0
200.0
200.0
200.0
200.0
200.0
200.0
200.0
200.0
200.0
200.0
200.0
200.0
200.0
200.0
200.0
200.0
200.0
200.0
200.0
200.0
200.0
200.0
200.0
200.0
200.0
200.0
200.0
200.0
200.0
200.0
200.0
200.0
200.0
200.0
200.0
200.0
200.0
200.0
200.0
200.0
200.0
200.0
200.0
200.0
200.0
200.0
200.0
200.0
200.0
200.0
200.0
200.0
200.0
200.0
200.0
200.0
200.0
200.0
200.0
200.0
200.0
200.0
200.0
200.0
200.0
200.0
200.0
200.0
200.0
200.0
200.0
200.0
200.0
200.0
200.0
200.0
200.0
200.0
200.0
200.0
200.0
200.0
200.0
200.0
200.0
200.0
200.0
200.0
200.0
200.0
200.0
200.0
200.0
200.0
200.0
200.0
200.0
200.0
200.0
200.0
200.0
200.0
200.0
200.0
200.0
200.0
200.0
200.0
200.0
200.0
200.0
200.0
200.0
200.0
200.0
200.0
200.0
200.0
200.0
200.0
200.0
200.0
200.0
200.0
200.0
200.0
200.0
200.0
200.0
200.0
200.0
200.0
200.0
200.0
200.0
200.0
200.0
200.0
200.0
200.0
200.0
200.0
200.0
200.0
200.0
200.0
200.0
200.0
200.0
200.0
200.0
200.0
200.0
200.0
200.0
200.0
200.0
200.0
200.0
200.0
200.0
200.0
200.0
200.0
200.0
200.0
200.0
200.0
200.0
200.0
200.0
200.0
200.0
200.0
200.0
200.0
200.0
200.0
200.0
200.0
200.0
200.0
200.0
200.0
200.0
200.0
200.0
200.0
200.0
200.0
200.0
200.0
200.0
200.0
200.0
200.0
200.0
200.0
200.0
200.0
200.0
200.0
200.0
200.0
200.0
200.0
200.0
200.0
200.0
200.0
200.0
200.0
200.0
200.0
200.0
200.0
200.0
200.0
200.0
200.0
200.0
200.0
200.0
200.0
200.0
200.0
200.0
200.0
200.0
200.0
200.0
200.0
200.0
200.0
200.0
200.0
200.0
200.0
200.0
200.0
200.0
200.0
200.0
200.0
200.0
200.0
200.0
200.0
200.0
200.0
200.0
200.0
200.0
200.0
200.0
200.0
200.0
200.0
200.0
200.0
200.0
200.0
200.0
200.0
200.0
200.0
200.0
200.0
200.0
200.0
200.0
200.0
200.0
200.0
200.0
200.0
200.0
200.0
200.0
200.0
200.0
200.0
200.0
200.0
200.0
200.0
200.0
200.0
200.0
200.0
200.0
200.0
200.0
200.0
200.0
200.0
200.0
200.0
200.0
200.0
200.0
200.0
200.0
200.0
200.0
200.0
200.0
200.0
200.0
200.0
200.0
200.0
200.0
200.0
200.0
200.0
200.0
200.0
200.0
200.0
200.0
200.0
200.0
200.0
200.0
200.0
200.0
200.0
200.0
200.0
200.0
200.0
200.0
200.0
200.0
200.0
200.0
200.0
200.0
200.0
200.0
200.0
200.0
200.0
200.0
200.0
200.0
200.0
200.0
200.0
200.0
200.0
200.0
200.0
200.0
200.0
200.0
200.0
200.0
200.0
200.0
200.0
200.0
200.0
200.0
200.0
200.0
200.0
200.0
200.0
200.0
200.0
200.0
200.0
200.0
200.0
200.0
200.0
200.0
200.0
200.0
200.0
200.0
200.0
200.0
200.0
200.0
200.0
200.0
200.0
200.0
200.0
200.0
200.0
200.0
200.0
200.0
200.0
200.0
200.0
200.0
200.0
200.0
200.0
200.0
200.0
200.0
200.0
200.0
200.0
200.0
200.0
200.0
200.0
200.0
200.0
200.0
200.0
200.0
200.0
200.0
200.0
200.0
200.0
200.0
200.0
200.0
200.0
200.0
200.0
200.0
200.0
200.0
200.0
200.0
200.0
200.0
200.0
200.0
200.0
200.0
200.0
200.0
200.0
200.0
200.0
200.0
200.0
200.0
200.0
200.0
200.0
200.0
200.0
200.0
200.0
200.0
200.0
200.0
200.0
200.0
200.0
200.0
200.0
200.0
200.0
200.0
200.0
200.0
200.0
200.0
200.0
200.0
200.0
200.0
200.0
200.0
200.0
200.0
200.0
200.0
200.0
200.0
200.0
200.0
200.0
200.0
200.0
200.0
200.0
200.0
200.0
200.0
200.0
200.0
200.0
200.0
200.0
200.0
200.0
200.0
200.0
200.0
200.0
200.0
200.0
200.0
200.0
200.0
200.0
200.0
200.0
200.0
200.0
200.0
200.0
200.0
200.0
200.0
200.0
200.0
200.0
200.0
200.0
200.0
200.0
200.0
200.0
200.0
200.0
200.0
200.0
200.0
200.0
200.0
200.0
200.0
200.0
200.0
200.0
200.0
200.0
200.0
200.0
200.0
200.0
200.0
200.0
200.0
200.0
200.0
200.0
200.0
200.0
200.0
200.0
200.0
200.0
200.0
200.0
200.0
200.0
200.0
200.0
200.0
200.0
200.0
200.0
200.0
200.0
200.0
200.0
200.0
200.0
200.0
200.0
200.0
200.0
200.0
200.0
200.0
200.0
200.0
200.0
200.0
200.0
200.0
200.0
200.0
200.0
200.0
200.0
200.0
200.0
200.0
200.0
200.0
200.0
200.0
200.0
200.0
200.0
200.0
200.0
200.0
200.0
200.0
200.0
200.0
200.0
200.0
200.0
200.0
200.0
200.0
200.0
200.0
200.0
200.0
200.0
200.0
200.0
200.0
200.0
200.0
200.0
200.0
200.0
200.0
200.0
200.0
200.0
200.0
200.0
200.0
200.0
200.0
200.0
200.0
200.0
200.0
200.0
200.0
200.0
200.0
200.0
200.0
200.0
200.0
200.0
200.0
200.0
200.0
200.0
200.0
200.0
200.0
200.0
200.0
200.0
200.0
200.0
200.0
200.0
200.0
200.0
200.0
200.0
200.0
200.0
200.0
200.0
200.0
200.0
200.0
200.0
200.0
200.0
200.0
200.0
200.0
200.0
200.0
200.0
200.0
200.0
200.0
200.0
200.0
200.0
200.0
200.0
200.0
200.0
200.0
200.0
200.0
200.0
200.0
200.0
200.0
200.0
200.0
200.0
200.0
200.0
200.0
200.0
200.0
200.0
200.0
200.0
200.0
200.0
200.0
200.0
200.0
200.0
200.0
200.0
200.0
200.0
200.0
200.0
200.0
200.0
200.0
200.0
200.0
200.0
200.0
200.0
200.0
200.0
200.0
200.0
200.0
200.0
200.0
200.0
200.0
200.0
200.0
200.0
200.0
200.0
200.0
200.0
200.0
200.0
200.0
200.0
200.0
200.0
200.0
200.0
200.0
200.0
200.0
200.0
200.0
200.0
200.0
200.0
200.0
200.0
200.0
200.0
200.0
200.0
200.0
200.0
200.0
200.0
200.0
200.0
200.0
200.0
200.0
200.0
200.0
200.0
200.0
200.0
200.0
200.0
200.0
200.0
200.0
200.0
200.0
200.0
200.0
200.0
200.0
200.0
200.0
200.0
200.0
200.0
200.0
200.0
200.0
200.0
200.0
200.0
200.0
200.0
200.0
200.0
200.0
200.0
200.0
200.0
200.0
200.0
200.0
200.0
200.0
200.0
200.0
200.0
200.0
200.0
200.0
200.0
200.0
200.0
200.0
200.0
200.0
200.0
200.0
200.0
200.0
200.0
200.0
200.0
200.0
200.0
200.0
200.0
200.0
200.0
200.0
200.0
200.0
200.0
200.0
200.0
200.0
200.0
200.0
200.0
200.0
200.0
200.0
200.0
200.0
200.0
200.0
200.0
200.0
200.0
200.0
200.0
200.0
200.0
200.0
200.0
200.0
200.0
200.0
200.0
200.0
200.0
200.0
200.0
200.0
200.0
200.0
200.0
200.0
200.0
200.0
200.0
200.0
200.0
200.0
200.0
200.0
200.0
200.0
200.0
200.0
200.0
200.0
200.0
200.0
200.0
200.0
200.0
200.0
200.0
200.0
200.0
200.0
200.0
200.0
200.0
200.0
200.0
200.0
200.0
200.0
200.0
200.0
200.0
200.0
200.0
200.0
200.0
200.0
200.0
200.0
200.0
200.0
200.0
200.0
200.0
200.0
200.0
200.0
200.0
200.0
200.0
200.0
200.0
200.0
200.0
200.0
200.0
200.0
200.0
200.0
200.0
200.0
200.0
200.0
200.0
200.0
200.0
200.0
200.0
200.0
200.0
200.0
200.0
200.0
200.0
200.0
200.0
200.0
200.0
200.0
200.0
200.0
200.0
200.0
200.0
200.0
200.0
200.0
200.0
200.0
200.0
200.0
200.0
200.0
200.0
200.0
200.0
200.0
200.0
200.0
200.0
200.0
200.0
200.0
200.0
200.0
200.0
200.0
200.0
200.0
200.0
200.0
200.0
200.0
200.0
200.0
200.0
200.0
200.0
200.0
200.0
200.0
200.0
200.0
200.0
200.0
200.0
200.0
200.0
200.0
200.0
200.0
200.0
200.0
200.0
200.0
200.0
200.0
200.0
200.0
200.0
200.0
200.0
200.0
200.0
200.0
200.0
200.0
200.0
200.0
200.0
200.0
200.0
200.0
200.0
200.0
200.0
200.0
200.0
200.0
200.0
200.0
200.0
200.0
200.0
200.0
200.0
200.0
200.0
200.0
200.0
200.0
200.0
200.0
200.0
200.0
200.0
200.0
200.0
200.0
200.0
200.0
200.0
200.0
200.0
200.0
200.0
200.0
200.0
200.0
200.0
200.0
200.0
200.0
200.0
200.0
200.0
200.0
200.0
200.0
