14.0
14.0
33.0
13.0
20.0
13.0
25.0
14.0
27.0
28.0
15.0
35.0
27.0
14.0
22.0
12.0
27.0
22.0
13.0
71.0
24.0
27.0
22.0
18.0
21.0
13.0
34.0
11.0
58.0
11.0
31.0
13.0
38.0
29.0
23.0
21.0
39.0
12.0
20.0
25.0
20.0
34.0
26.0
24.0
19.0
9.0
26.0
22.0
12.0
11.0
15.0
14.0
14.0
12.0
29.0
12.0
29.0
11.0
35.0
26.0
20.0
19.0
17.0
29.0
13.0
25.0
11.0
22.0
24.0
12.0
14.0
12.0
20.0
11.0
26.0
16.0
24.0
13.0
17.0
51.0
19.0
19.0
14.0
14.0
17.0
12.0
23.0
24.0
30.0
13.0
20.0
23.0
14.0
13.0
19.0
13.0
11.0
20.0
13.0
25.0
22.0
28.0
17.0
10.0
24.0
29.0
30.0
38.0
13.0
71.0
30.0
15.0
12.0
28.0
73.0
34.0
22.0
15.0
39.0
10.0
28.0
9.0
18.0
28.0
31.0
11.0
14.0
39.0
20.0
10.0
29.0
9.0
14.0
18.0
20.0
77.0
30.0
24.0
27.0
104.0
35.0
14.0
15.0
11.0
21.0
34.0
14.0
14.0
17.0
30.0
43.0
32.0
16.0
31.0
58.0
20.0
10.0
26.0
16.0
15.0
28.0
50.0
20.0
30.0
36.0
34.0
26.0
29.0
24.0
17.0
29.0
38.0
20.0
25.0
43.0
33.0
55.0
32.0
15.0
57.0
40.0
136.0
24.0
40.0
85.0
50.0
36.0
51.0
35.0
30.0
19.0
35.0
73.0
37.0
49.0
38.0
15.0
29.0
72.0
35.0
14.0
30.0
57.0
69.0
18.0
46.0
45.0
66.0
67.0
47.0
49.0
38.0
26.0
61.0
57.0
36.0
45.0
69.0
124.0
83.0
78.0
52.0
200.0
38.0
28.0
125.0
189.0
69.0
52.0
53.0
55.0
32.0
70.0
33.0
96.0
80.0
61.0
85.0
90.0
59.0
41.0
70.0
72.0
59.0
53.0
56.0
106.0
46.0
51.0
134.0
65.0
40.0
72.0
56.0
42.0
42.0
34.0
50.0
44.0
33.0
44.0
40.0
36.0
59.0
45.0
53.0
53.0
106.0
58.0
83.0
51.0
144.0
41.0
92.0
64.0
42.0
51.0
58.0
49.0
37.0
59.0
66.0
41.0
62.0
86.0
50.0
51.0
53.0
108.0
110.0
61.0
73.0
105.0
64.0
77.0
56.0
54.0
94.0
73.0
100.0
200.0
77.0
117.0
135.0
89.0
200.0
90.0
99.0
134.0
101.0
106.0
153.0
101.0
143.0
122.0
100.0
113.0
142.0
121.0
153.0
140.0
190.0
162.0
153.0
181.0
200.0
200.0
200.0
200.0
200.0
200.0
200.0
200.0
200.0
200.0
200.0
200.0
200.0
200.0
200.0
200.0
200.0
200.0
200.0
200.0
200.0
200.0
200.0
200.0
200.0
200.0
200.0
200.0
200.0
200.0
200.0
200.0
200.0
200.0
200.0
200.0
200.0
200.0
200.0
200.0
200.0
200.0
200.0
200.0
200.0
200.0
200.0
200.0
200.0
200.0
200.0
200.0
200.0
200.0
200.0
200.0
165.0
197.0
182.0
200.0
200.0
194.0
200.0
200.0
200.0
200.0
198.0
200.0
189.0
174.0
169.0
198.0
200.0
200.0
200.0
200.0
195.0
200.0
200.0
190.0
200.0
200.0
200.0
200.0
200.0
200.0
200.0
200.0
200.0
200.0
200.0
200.0
200.0
200.0
200.0
200.0
200.0
192.0
200.0
200.0
200.0
200.0
184.0
200.0
180.0
200.0
199.0
200.0
200.0
200.0
200.0
200.0
200.0
200.0
200.0
200.0
200.0
193.0
200.0
200.0
200.0
200.0
188.0
182.0
200.0
183.0
200.0
178.0
200.0
200.0
172.0
186.0
183.0
188.0
164.0
200.0
174.0
151.0
162.0
149.0
164.0
146.0
158.0
150.0
166.0
135.0
128.0
138.0
140.0
138.0
159.0
135.0
144.0
126.0
129.0
134.0
128.0
128.0
124.0
140.0
132.0
132.0
126.0
140.0
144.0
144.0
156.0
135.0
120.0
144.0
138.0
120.0
135.0
137.0
127.0
128.0
124.0
119.0
137.0
132.0
139.0
154.0
124.0
154.0
138.0
138.0
154.0
126.0
124.0
127.0
118.0
113.0
120.0
143.0
159.0
129.0
122.0
163.0
141.0
134.0
157.0
141.0
136.0
141.0
128.0
126.0
145.0
122.0
120.0
153.0
118.0
116.0
124.0
132.0
116.0
112.0
128.0
123.0
120.0
126.0
134.0
126.0
149.0
148.0
136.0
137.0
149.0
126.0
133.0
154.0
138.0
134.0
175.0
137.0
154.0
164.0
131.0
171.0
141.0
166.0
160.0
138.0
172.0
158.0
138.0
135.0
160.0
172.0
144.0
128.0
130.0
142.0
168.0
144.0
166.0
152.0
150.0
161.0
148.0
173.0
144.0
123.0
131.0
135.0
148.0
150.0
142.0
168.0
140.0
200.0
171.0
163.0
146.0
165.0
156.0
172.0
146.0
134.0
179.0
154.0
146.0
166.0
200.0
200.0
190.0
147.0
158.0
152.0
163.0
146.0
155.0
151.0
156.0
146.0
156.0
166.0
177.0
164.0
182.0
166.0
165.0
139.0
150.0
136.0
151.0
139.0
160.0
137.0
157.0
161.0
155.0
200.0
153.0
200.0
200.0
171.0
158.0
179.0
141.0
168.0
161.0
190.0
174.0
144.0
148.0
186.0
163.0
142.0
200.0
200.0
162.0
200.0
200.0
171.0
145.0
190.0
158.0
144.0
190.0
198.0
190.0
161.0
182.0
195.0
200.0
162.0
174.0
170.0
146.0
152.0
142.0
200.0
183.0
178.0
173.0
174.0
137.0
151.0
164.0
155.0
154.0
146.0
148.0
180.0
200.0
200.0
200.0
178.0
140.0
146.0
152.0
144.0
151.0
136.0
170.0
158.0
163.0
172.0
174.0
200.0
193.0
200.0
200.0
200.0
177.0
175.0
200.0
200.0
200.0
200.0
200.0
200.0
200.0
200.0
200.0
200.0
200.0
200.0
200.0
200.0
200.0
200.0
200.0
200.0
200.0
200.0
200.0
200.0
200.0
200.0
200.0
200.0
200.0
200.0
200.0
200.0
200.0
200.0
200.0
200.0
200.0
200.0
200.0
200.0
200.0
200.0
200.0
200.0
200.0
200.0
200.0
200.0
200.0
200.0
200.0
200.0
200.0
200.0
200.0
200.0
200.0
200.0
200.0
200.0
200.0
200.0
200.0
200.0
200.0
200.0
200.0
200.0
200.0
200.0
200.0
200.0
200.0
200.0
200.0
200.0
200.0
200.0
200.0
200.0
200.0
200.0
200.0
200.0
200.0
200.0
200.0
200.0
200.0
200.0
200.0
200.0
200.0
200.0
200.0
200.0
200.0
200.0
200.0
200.0
200.0
200.0
200.0
200.0
200.0
200.0
200.0
200.0
200.0
200.0
200.0
200.0
200.0
200.0
200.0
200.0
200.0
200.0
200.0
200.0
200.0
200.0
200.0
200.0
200.0
200.0
200.0
200.0
200.0
200.0
200.0
200.0
200.0
200.0
200.0
200.0
200.0
200.0
200.0
200.0
200.0
200.0
200.0
200.0
200.0
200.0
200.0
200.0
200.0
200.0
200.0
200.0
200.0
200.0
200.0
200.0
200.0
200.0
200.0
200.0
200.0
200.0
200.0
200.0
200.0
200.0
200.0
200.0
200.0
200.0
200.0
200.0
200.0
200.0
200.0
200.0
200.0
200.0
200.0
200.0
200.0
200.0
200.0
200.0
200.0
200.0
200.0
200.0
200.0
200.0
200.0
200.0
200.0
200.0
200.0
200.0
200.0
200.0
200.0
200.0
200.0
200.0
200.0
200.0
200.0
200.0
200.0
200.0
200.0
200.0
200.0
200.0
200.0
200.0
200.0
200.0
200.0
200.0
200.0
200.0
200.0
200.0
200.0
200.0
200.0
200.0
200.0
200.0
200.0
200.0
200.0
200.0
200.0
200.0
200.0
200.0
200.0
200.0
200.0
200.0
200.0
200.0
200.0
200.0
200.0
200.0
200.0
200.0
200.0
200.0
200.0
200.0
200.0
200.0
200.0
200.0
200.0
200.0
200.0
200.0
200.0
200.0
200.0
200.0
200.0
200.0
200.0
200.0
200.0
200.0
200.0
200.0
200.0
200.0
200.0
200.0
200.0
200.0
200.0
200.0
200.0
200.0
200.0
200.0
200.0
200.0
200.0
200.0
200.0
200.0
200.0
200.0
200.0
200.0
200.0
200.0
200.0
200.0
200.0
200.0
200.0
200.0
200.0
200.0
200.0
200.0
200.0
200.0
200.0
200.0
200.0
200.0
200.0
200.0
200.0
200.0
200.0
200.0
200.0
200.0
200.0
200.0
200.0
200.0
200.0
200.0
200.0
200.0
200.0
200.0
200.0
200.0
200.0
200.0
200.0
200.0
200.0
200.0
200.0
200.0
200.0
200.0
200.0
200.0
200.0
200.0
200.0
200.0
200.0
200.0
200.0
200.0
200.0
200.0
200.0
200.0
200.0
200.0
200.0
200.0
200.0
200.0
200.0
200.0
200.0
200.0
200.0
200.0
200.0
200.0
200.0
200.0
200.0
200.0
200.0
200.0
200.0
200.0
200.0
200.0
200.0
200.0
200.0
200.0
200.0
200.0
200.0
200.0
200.0
200.0
200.0
200.0
200.0
200.0
200.0
200.0
200.0
200.0
200.0
200.0
200.0
200.0
200.0
200.0
200.0
200.0
200.0
200.0
200.0
200.0
200.0
200.0
200.0
200.0
200.0
200.0
200.0
200.0
200.0
200.0
200.0
200.0
200.0
200.0
200.0
200.0
200.0
200.0
200.0
200.0
200.0
200.0
200.0
200.0
200.0
200.0
200.0
200.0
200.0
200.0
200.0
200.0
200.0
200.0
200.0
200.0
200.0
200.0
200.0
200.0
200.0
200.0
200.0
200.0
200.0
200.0
200.0
200.0
200.0
200.0
200.0
200.0
200.0
200.0
200.0
200.0
200.0
200.0
200.0
200.0
200.0
200.0
200.0
200.0
200.0
200.0
200.0
200.0
200.0
200.0
200.0
200.0
200.0
200.0
200.0
200.0
200.0
200.0
200.0
200.0
200.0
200.0
200.0
200.0
200.0
200.0
200.0
200.0
200.0
200.0
200.0
200.0
200.0
200.0
200.0
200.0
200.0
200.0
200.0
200.0
200.0
200.0
200.0
200.0
200.0
200.0
200.0
200.0
200.0
200.0
200.0
200.0
200.0
200.0
200.0
200.0
200.0
200.0
200.0
200.0
200.0
200.0
200.0
200.0
200.0
200.0
200.0
200.0
200.0
200.0
200.0
200.0
200.0
200.0
200.0
200.0
200.0
200.0
200.0
200.0
200.0
200.0
200.0
200.0
200.0
200.0
200.0
200.0
200.0
200.0
200.0
200.0
200.0
200.0
200.0
200.0
200.0
200.0
200.0
200.0
200.0
200.0
200.0
200.0
200.0
200.0
200.0
200.0
200.0
200.0
200.0
200.0
200.0
200.0
200.0
200.0
200.0
200.0
200.0
200.0
200.0
200.0
200.0
200.0
200.0
200.0
200.0
200.0
200.0
200.0
200.0
200.0
200.0
200.0
200.0
200.0
200.0
200.0
200.0
200.0
200.0
200.0
200.0
200.0
200.0
200.0
200.0
200.0
200.0
200.0
200.0
200.0
200.0
200.0
200.0
200.0
200.0
200.0
200.0
200.0
200.0
200.0
200.0
200.0
200.0
200.0
200.0
200.0
200.0
200.0
200.0
200.0
200.0
200.0
200.0
200.0
200.0
200.0
200.0
200.0
200.0
200.0
200.0
200.0
200.0
200.0
200.0
200.0
200.0
200.0
200.0
200.0
200.0
200.0
200.0
200.0
200.0
200.0
200.0
200.0
200.0
200.0
200.0
200.0
200.0
200.0
200.0
200.0
200.0
200.0
200.0
200.0
200.0
200.0
200.0
200.0
200.0
200.0
200.0
200.0
200.0
200.0
200.0
200.0
200.0
200.0
200.0
200.0
200.0
200.0
200.0
200.0
200.0
200.0
200.0
200.0
200.0
200.0
200.0
200.0
200.0
200.0
200.0
200.0
200.0
200.0
200.0
200.0
200.0
200.0
200.0
200.0
200.0
200.0
200.0
200.0
200.0
200.0
200.0
200.0
200.0
200.0
200.0
200.0
200.0
200.0
200.0
200.0
200.0
200.0
200.0
200.0
200.0
200.0
200.0
200.0
200.0
200.0
200.0
200.0
200.0
200.0
200.0
200.0
200.0
200.0
200.0
200.0
200.0
200.0
200.0
200.0
200.0
200.0
200.0
200.0
200.0
200.0
200.0
200.0
200.0
200.0
200.0
200.0
200.0
200.0
200.0
200.0
200.0
200.0
200.0
200.0
200.0
200.0
200.0
200.0
200.0
200.0
200.0
200.0
200.0
200.0
200.0
200.0
200.0
200.0
200.0
200.0
200.0
200.0
200.0
200.0
200.0
200.0
200.0
200.0
200.0
200.0
200.0
200.0
200.0
200.0
200.0
200.0
200.0
200.0
200.0
200.0
200.0
200.0
200.0
200.0
200.0
200.0
200.0
200.0
200.0
200.0
200.0
200.0
200.0
200.0
200.0
200.0
200.0
200.0
200.0
200.0
200.0
200.0
200.0
200.0
200.0
200.0
200.0
200.0
200.0
200.0
200.0
200.0
200.0
200.0
200.0
200.0
200.0
200.0
200.0
200.0
200.0
200.0
200.0
200.0
200.0
200.0
200.0
200.0
200.0
200.0
200.0
200.0
200.0
200.0
200.0
200.0
200.0
200.0
200.0
200.0
200.0
200.0
200.0
200.0
200.0
200.0
200.0
200.0
200.0
200.0
200.0
200.0
200.0
200.0
200.0
200.0
200.0
200.0
200.0
200.0
200.0
200.0
200.0
200.0
200.0
200.0
200.0
200.0
200.0
200.0
200.0
200.0
200.0
200.0
200.0
200.0
200.0
200.0
200.0
200.0
200.0
200.0
200.0
200.0
200.0
200.0
200.0
200.0
200.0
200.0
200.0
200.0
200.0
200.0
200.0
200.0
200.0
200.0
200.0
200.0
200.0
200.0
200.0
200.0
200.0
200.0
200.0
200.0
200.0
200.0
200.0
200.0
200.0
200.0
200.0
200.0
200.0
200.0
200.0
200.0
200.0
200.0
200.0
200.0
200.0
200.0
200.0
200.0
200.0
200.0
200.0
200.0
200.0
200.0
200.0
200.0
200.0
200.0
200.0
200.0
200.0
200.0
200.0
200.0
200.0
200.0
200.0
200.0
200.0
200.0
200.0
200.0
200.0
200.0
200.0
200.0
200.0
200.0
200.0
200.0
200.0
200.0
200.0
200.0
200.0
200.0
200.0
200.0
200.0
200.0
200.0
200.0
200.0
200.0
200.0
200.0
200.0
200.0
200.0
200.0
200.0
200.0
200.0
200.0
200.0
200.0
200.0
200.0
200.0
200.0
200.0
200.0
200.0
200.0
200.0
200.0
200.0
200.0
200.0
200.0
200.0
200.0
200.0
200.0
200.0
200.0
200.0
200.0
200.0
200.0
200.0
200.0
200.0
200.0
200.0
200.0
200.0
200.0
200.0
200.0
200.0
200.0
200.0
200.0
200.0
200.0
200.0
200.0
200.0
200.0
200.0
200.0
200.0
200.0
200.0
200.0
200.0
200.0
200.0
200.0
200.0
200.0
200.0
200.0
200.0
200.0
200.0
200.0
200.0
200.0
200.0
200.0
200.0
200.0
200.0
200.0
200.0
200.0
200.0
200.0
200.0
200.0
200.0
200.0
200.0
200.0
200.0
200.0
200.0
200.0
200.0
200.0
200.0
200.0
200.0
200.0
200.0
200.0
200.0
200.0
200.0
200.0
200.0
200.0
200.0
200.0
200.0
200.0
200.0
200.0
200.0
200.0
200.0
200.0
200.0
200.0
200.0
200.0
200.0
200.0
200.0
200.0
200.0
200.0
200.0
200.0
200.0
200.0
200.0
200.0
200.0
200.0
200.0
200.0
200.0
200.0
200.0
200.0
200.0
200.0
200.0
200.0
200.0
200.0
200.0
200.0
200.0
200.0
200.0
200.0
200.0
200.0
200.0
200.0
200.0
200.0
200.0
200.0
200.0
200.0
200.0
200.0
200.0
200.0
200.0
200.0
200.0
200.0
200.0
200.0
200.0
200.0
200.0
200.0
200.0
200.0
200.0
200.0
200.0
200.0
200.0
200.0
200.0
200.0
200.0
200.0
200.0
200.0
200.0
200.0
200.0
200.0
200.0
200.0
200.0
200.0
200.0
200.0
200.0
200.0
200.0
200.0
200.0
200.0
200.0
200.0
200.0
200.0
200.0
200.0
200.0
200.0
200.0
200.0
200.0
200.0
200.0
200.0
200.0
200.0
200.0
200.0
200.0
200.0
200.0
200.0
200.0
200.0
200.0
200.0
200.0
200.0
200.0
200.0
200.0
200.0
200.0
200.0
200.0
200.0
200.0
200.0
200.0
200.0
200.0
200.0
200.0
200.0
200.0
200.0
200.0
200.0
200.0
200.0
200.0
200.0
200.0
200.0
200.0
200.0
200.0
200.0
200.0
200.0
200.0
200.0
200.0
200.0
200.0
200.0
200.0
200.0
200.0
