26.0
14.0
12.0
20.0
10.0
38.0
10.0
18.0
18.0
11.0
13.0
12.0
23.0
17.0
13.0
16.0
20.0
13.0
10.0
14.0
12.0
22.0
12.0
18.0
30.0
42.0
21.0
13.0
26.0
10.0
38.0
12.0
20.0
19.0
37.0
10.0
12.0
16.0
13.0
11.0
20.0
13.0
17.0
16.0
13.0
19.0
17.0
14.0
10.0
13.0
38.0
10.0
15.0
27.0
18.0
17.0
23.0
17.0
15.0
32.0
14.0
17.0
22.0
16.0
27.0
20.0
19.0
10.0
37.0
26.0
17.0
12.0
22.0
16.0
45.0
11.0
48.0
21.0
15.0
9.0
25.0
21.0
20.0
34.0
16.0
16.0
36.0
14.0
27.0
31.0
24.0
26.0
18.0
9.0
24.0
28.0
15.0
15.0
22.0
14.0
86.0
16.0
24.0
12.0
27.0
11.0
13.0
9.0
34.0
14.0
15.0
14.0
15.0
11.0
23.0
10.0
22.0
17.0
9.0
29.0
12.0
17.0
23.0
17.0
12.0
11.0
12.0
15.0
9.0
9.0
14.0
18.0
28.0
14.0
11.0
13.0
12.0
10.0
11.0
11.0
27.0
22.0
15.0
22.0
16.0
21.0
14.0
12.0
45.0
12.0
12.0
12.0
8.0
17.0
11.0
25.0
15.0
28.0
8.0
11.0
9.0
16.0
15.0
26.0
20.0
14.0
21.0
17.0
13.0
21.0
16.0
13.0
13.0
12.0
25.0
25.0
19.0
18.0
17.0
24.0
16.0
25.0
12.0
14.0
17.0
18.0
11.0
34.0
16.0
12.0
16.0
25.0
16.0
13.0
9.0
13.0
10.0
25.0
32.0
15.0
11.0
9.0
11.0
9.0
12.0
12.0
12.0
15.0
17.0
15.0
16.0
11.0
15.0
15.0
12.0
13.0
19.0
10.0
9.0
11.0
12.0
21.0
21.0
11.0
11.0
29.0
27.0
14.0
14.0
12.0
15.0
24.0
15.0
16.0
22.0
41.0
21.0
25.0
34.0
14.0
11.0
16.0
14.0
15.0
21.0
17.0
21.0
14.0
14.0
10.0
23.0
35.0
21.0
22.0
26.0
19.0
21.0
19.0
17.0
14.0
24.0
14.0
38.0
14.0
13.0
14.0
19.0
15.0
22.0
15.0
29.0
23.0
35.0
21.0
14.0
29.0
25.0
21.0
11.0
18.0
19.0
60.0
18.0
43.0
11.0
20.0
16.0
33.0
23.0
24.0
45.0
16.0
28.0
18.0
25.0
32.0
40.0
43.0
71.0
46.0
30.0
13.0
45.0
29.0
39.0
42.0
18.0
21.0
89.0
46.0
18.0
38.0
34.0
36.0
32.0
48.0
42.0
25.0
74.0
31.0
33.0
50.0
26.0
62.0
42.0
34.0
49.0
33.0
41.0
31.0
40.0
48.0
26.0
24.0
53.0
28.0
48.0
52.0
133.0
51.0
84.0
50.0
45.0
37.0
88.0
68.0
60.0
40.0
57.0
53.0
51.0
53.0
81.0
80.0
86.0
66.0
67.0
42.0
56.0
44.0
60.0
108.0
109.0
26.0
55.0
48.0
119.0
87.0
128.0
150.0
125.0
103.0
69.0
78.0
86.0
129.0
101.0
73.0
115.0
73.0
72.0
109.0
171.0
87.0
110.0
85.0
65.0
67.0
67.0
85.0
77.0
79.0
67.0
99.0
90.0
85.0
106.0
91.0
75.0
59.0
65.0
92.0
71.0
80.0
70.0
108.0
89.0
89.0
83.0
79.0
102.0
90.0
73.0
70.0
94.0
98.0
78.0
78.0
84.0
110.0
86.0
88.0
107.0
130.0
99.0
111.0
100.0
102.0
92.0
103.0
109.0
96.0
104.0
108.0
100.0
108.0
125.0
114.0
117.0
121.0
98.0
109.0
92.0
110.0
100.0
115.0
112.0
120.0
117.0
116.0
111.0
123.0
114.0
125.0
112.0
106.0
109.0
120.0
107.0
107.0
124.0
119.0
104.0
127.0
136.0
117.0
111.0
108.0
107.0
103.0
137.0
135.0
106.0
122.0
116.0
146.0
121.0
143.0
135.0
161.0
107.0
145.0
137.0
138.0
114.0
124.0
148.0
146.0
152.0
122.0
146.0
117.0
128.0
130.0
117.0
130.0
141.0
139.0
111.0
125.0
115.0
149.0
114.0
131.0
144.0
157.0
159.0
139.0
141.0
121.0
159.0
130.0
179.0
123.0
147.0
155.0
157.0
114.0
133.0
154.0
139.0
200.0
137.0
152.0
162.0
200.0
164.0
169.0
200.0
175.0
196.0
138.0
200.0
200.0
200.0
200.0
200.0
200.0
200.0
200.0
188.0
150.0
158.0
154.0
148.0
200.0
200.0
164.0
200.0
200.0
200.0
167.0
200.0
161.0
200.0
200.0
200.0
200.0
200.0
200.0
200.0
200.0
200.0
200.0
200.0
177.0
200.0
178.0
153.0
200.0
200.0
200.0
200.0
141.0
200.0
160.0
200.0
200.0
144.0
200.0
200.0
170.0
200.0
200.0
154.0
146.0
200.0
200.0
200.0
153.0
200.0
130.0
198.0
153.0
200.0
165.0
140.0
148.0
148.0
185.0
198.0
173.0
187.0
200.0
168.0
153.0
200.0
185.0
200.0
188.0
161.0
169.0
173.0
134.0
147.0
146.0
161.0
195.0
174.0
182.0
146.0
146.0
161.0
179.0
189.0
156.0
148.0
200.0
180.0
170.0
200.0
188.0
148.0
146.0
167.0
192.0
200.0
200.0
176.0
186.0
169.0
164.0
200.0
200.0
200.0
200.0
160.0
192.0
173.0
182.0
177.0
148.0
187.0
130.0
159.0
163.0
155.0
152.0
165.0
153.0
200.0
199.0
200.0
200.0
165.0
191.0
200.0
184.0
153.0
176.0
152.0
133.0
132.0
154.0
200.0
194.0
141.0
172.0
167.0
200.0
191.0
200.0
171.0
199.0
200.0
189.0
200.0
159.0
178.0
200.0
200.0
178.0
200.0
195.0
200.0
188.0
176.0
182.0
200.0
200.0
200.0
198.0
200.0
186.0
135.0
161.0
200.0
158.0
167.0
200.0
200.0
200.0
200.0
151.0
200.0
144.0
200.0
200.0
200.0
155.0
200.0
200.0
200.0
164.0
200.0
200.0
171.0
200.0
183.0
200.0
200.0
195.0
200.0
151.0
200.0
200.0
200.0
157.0
200.0
200.0
155.0
148.0
161.0
200.0
191.0
200.0
200.0
141.0
200.0
139.0
155.0
200.0
192.0
184.0
200.0
200.0
186.0
164.0
200.0
200.0
200.0
200.0
200.0
186.0
180.0
200.0
186.0
200.0
200.0
200.0
200.0
200.0
200.0
200.0
200.0
200.0
200.0
200.0
200.0
200.0
200.0
200.0
200.0
200.0
200.0
200.0
200.0
200.0
200.0
200.0
197.0
200.0
185.0
200.0
200.0
200.0
194.0
200.0
200.0
200.0
200.0
200.0
200.0
200.0
191.0
200.0
200.0
200.0
200.0
200.0
200.0
200.0
200.0
200.0
200.0
200.0
200.0
200.0
200.0
200.0
200.0
200.0
200.0
200.0
200.0
200.0
200.0
200.0
200.0
200.0
200.0
200.0
200.0
200.0
200.0
200.0
200.0
200.0
200.0
200.0
200.0
200.0
200.0
200.0
200.0
200.0
200.0
200.0
200.0
200.0
200.0
200.0
200.0
198.0
169.0
200.0
200.0
174.0
192.0
197.0
200.0
200.0
200.0
200.0
200.0
200.0
200.0
200.0
195.0
199.0
200.0
200.0
200.0
200.0
200.0
200.0
200.0
200.0
200.0
200.0
200.0
200.0
200.0
200.0
200.0
200.0
200.0
200.0
200.0
200.0
200.0
200.0
200.0
200.0
200.0
200.0
200.0
200.0
200.0
200.0
200.0
200.0
200.0
200.0
200.0
200.0
200.0
200.0
200.0
200.0
200.0
200.0
200.0
200.0
200.0
200.0
200.0
200.0
200.0
200.0
200.0
200.0
200.0
200.0
200.0
200.0
200.0
200.0
200.0
200.0
200.0
200.0
200.0
200.0
200.0
200.0
200.0
200.0
200.0
200.0
200.0
200.0
200.0
200.0
200.0
200.0
200.0
200.0
200.0
200.0
200.0
200.0
200.0
200.0
200.0
200.0
200.0
200.0
200.0
200.0
200.0
200.0
200.0
200.0
200.0
200.0
200.0
200.0
200.0
200.0
200.0
200.0
200.0
200.0
200.0
200.0
200.0
200.0
200.0
200.0
200.0
200.0
200.0
200.0
200.0
200.0
200.0
200.0
200.0
200.0
200.0
200.0
200.0
200.0
200.0
200.0
200.0
200.0
200.0
200.0
200.0
200.0
200.0
200.0
200.0
200.0
200.0
200.0
200.0
200.0
200.0
200.0
200.0
200.0
200.0
200.0
200.0
200.0
200.0
200.0
200.0
200.0
200.0
200.0
200.0
200.0
200.0
200.0
200.0
200.0
200.0
200.0
200.0
200.0
200.0
200.0
200.0
200.0
200.0
200.0
200.0
200.0
200.0
200.0
200.0
200.0
200.0
200.0
200.0
200.0
200.0
200.0
200.0
200.0
200.0
200.0
200.0
200.0
200.0
200.0
200.0
200.0
200.0
200.0
200.0
200.0
200.0
200.0
200.0
200.0
200.0
200.0
200.0
200.0
200.0
200.0
200.0
200.0
200.0
200.0
200.0
200.0
200.0
200.0
200.0
200.0
200.0
200.0
200.0
200.0
200.0
200.0
200.0
200.0
200.0
200.0
200.0
200.0
200.0
200.0
200.0
200.0
200.0
200.0
200.0
200.0
200.0
200.0
200.0
200.0
200.0
200.0
200.0
200.0
200.0
200.0
200.0
200.0
200.0
200.0
200.0
200.0
200.0
200.0
200.0
200.0
200.0
200.0
200.0
200.0
200.0
200.0
200.0
200.0
200.0
200.0
200.0
200.0
200.0
200.0
200.0
200.0
200.0
200.0
200.0
200.0
200.0
200.0
200.0
200.0
200.0
200.0
200.0
200.0
200.0
200.0
200.0
200.0
200.0
200.0
200.0
200.0
200.0
200.0
200.0
200.0
200.0
200.0
200.0
200.0
200.0
200.0
200.0
200.0
200.0
200.0
200.0
200.0
200.0
200.0
200.0
200.0
200.0
200.0
200.0
200.0
200.0
200.0
200.0
200.0
200.0
200.0
200.0
200.0
200.0
200.0
200.0
200.0
200.0
200.0
200.0
200.0
200.0
200.0
200.0
200.0
200.0
200.0
200.0
200.0
200.0
200.0
200.0
200.0
200.0
200.0
200.0
200.0
200.0
200.0
200.0
200.0
200.0
200.0
200.0
200.0
200.0
200.0
200.0
200.0
200.0
200.0
200.0
200.0
200.0
200.0
200.0
200.0
200.0
200.0
200.0
200.0
200.0
200.0
200.0
200.0
200.0
200.0
200.0
200.0
200.0
200.0
200.0
200.0
200.0
200.0
200.0
200.0
200.0
200.0
200.0
200.0
200.0
200.0
200.0
200.0
200.0
200.0
200.0
200.0
200.0
200.0
200.0
200.0
200.0
200.0
200.0
200.0
200.0
200.0
200.0
200.0
200.0
200.0
200.0
200.0
200.0
200.0
200.0
200.0
200.0
200.0
200.0
200.0
200.0
200.0
200.0
200.0
200.0
200.0
200.0
200.0
200.0
200.0
200.0
200.0
200.0
200.0
200.0
200.0
200.0
200.0
200.0
200.0
200.0
200.0
200.0
200.0
200.0
200.0
200.0
200.0
200.0
200.0
200.0
200.0
200.0
200.0
200.0
200.0
200.0
200.0
200.0
200.0
200.0
200.0
200.0
200.0
200.0
200.0
200.0
200.0
200.0
200.0
200.0
200.0
200.0
200.0
200.0
200.0
200.0
200.0
200.0
200.0
200.0
200.0
200.0
200.0
200.0
200.0
200.0
200.0
200.0
200.0
200.0
200.0
200.0
200.0
200.0
200.0
200.0
200.0
200.0
200.0
200.0
200.0
200.0
200.0
200.0
200.0
200.0
200.0
200.0
200.0
200.0
200.0
200.0
200.0
200.0
200.0
200.0
200.0
200.0
200.0
200.0
200.0
200.0
200.0
200.0
200.0
200.0
200.0
200.0
200.0
200.0
200.0
200.0
200.0
200.0
200.0
200.0
200.0
200.0
200.0
200.0
200.0
200.0
200.0
200.0
200.0
200.0
200.0
200.0
200.0
200.0
200.0
200.0
200.0
200.0
200.0
200.0
200.0
200.0
200.0
200.0
200.0
200.0
200.0
200.0
200.0
200.0
200.0
200.0
200.0
200.0
200.0
200.0
200.0
200.0
200.0
200.0
200.0
200.0
200.0
200.0
200.0
200.0
200.0
200.0
200.0
200.0
200.0
200.0
200.0
200.0
200.0
200.0
200.0
200.0
200.0
200.0
200.0
200.0
200.0
200.0
200.0
200.0
200.0
200.0
200.0
200.0
200.0
200.0
200.0
200.0
200.0
200.0
200.0
200.0
200.0
200.0
200.0
200.0
200.0
200.0
200.0
200.0
200.0
200.0
200.0
200.0
200.0
200.0
200.0
200.0
200.0
200.0
200.0
200.0
200.0
200.0
200.0
200.0
200.0
200.0
200.0
200.0
200.0
200.0
200.0
200.0
200.0
200.0
200.0
200.0
200.0
200.0
200.0
200.0
200.0
200.0
200.0
200.0
200.0
200.0
200.0
200.0
200.0
200.0
200.0
200.0
200.0
200.0
200.0
200.0
200.0
200.0
200.0
200.0
200.0
200.0
200.0
200.0
200.0
200.0
200.0
200.0
200.0
200.0
200.0
200.0
200.0
200.0
200.0
200.0
200.0
200.0
200.0
200.0
200.0
200.0
200.0
200.0
200.0
200.0
200.0
200.0
200.0
200.0
200.0
200.0
200.0
200.0
200.0
200.0
200.0
200.0
200.0
200.0
200.0
200.0
200.0
200.0
200.0
200.0
200.0
200.0
200.0
200.0
200.0
200.0
200.0
200.0
200.0
200.0
200.0
200.0
200.0
200.0
200.0
200.0
200.0
200.0
200.0
200.0
200.0
200.0
200.0
200.0
200.0
200.0
200.0
200.0
200.0
200.0
200.0
200.0
200.0
200.0
200.0
200.0
200.0
200.0
200.0
200.0
200.0
200.0
200.0
200.0
200.0
200.0
200.0
200.0
200.0
200.0
200.0
200.0
200.0
200.0
200.0
200.0
200.0
200.0
200.0
200.0
200.0
200.0
200.0
200.0
200.0
200.0
200.0
200.0
200.0
200.0
200.0
200.0
200.0
200.0
200.0
200.0
200.0
200.0
200.0
200.0
200.0
200.0
200.0
200.0
200.0
200.0
200.0
200.0
200.0
200.0
200.0
200.0
200.0
200.0
200.0
200.0
200.0
200.0
200.0
200.0
200.0
200.0
200.0
200.0
200.0
200.0
200.0
200.0
200.0
200.0
200.0
200.0
200.0
200.0
200.0
200.0
200.0
200.0
200.0
200.0
200.0
200.0
200.0
200.0
200.0
200.0
200.0
200.0
200.0
200.0
200.0
200.0
200.0
200.0
200.0
200.0
200.0
200.0
200.0
200.0
200.0
200.0
200.0
200.0
200.0
200.0
200.0
200.0
200.0
200.0
200.0
200.0
200.0
200.0
200.0
200.0
200.0
200.0
200.0
200.0
200.0
200.0
200.0
200.0
200.0
200.0
200.0
200.0
200.0
200.0
200.0
200.0
200.0
200.0
200.0
200.0
200.0
200.0
200.0
200.0
200.0
200.0
200.0
200.0
200.0
200.0
200.0
200.0
200.0
200.0
200.0
200.0
200.0
200.0
200.0
200.0
200.0
200.0
200.0
200.0
200.0
200.0
200.0
200.0
200.0
200.0
200.0
200.0
200.0
200.0
200.0
200.0
200.0
200.0
200.0
200.0
200.0
200.0
200.0
200.0
200.0
200.0
200.0
200.0
200.0
200.0
200.0
200.0
200.0
200.0
200.0
200.0
200.0
200.0
200.0
200.0
200.0
200.0
200.0
200.0
200.0
200.0
200.0
200.0
200.0
200.0
200.0
200.0
200.0
200.0
200.0
200.0
200.0
200.0
200.0
200.0
200.0
200.0
200.0
200.0
200.0
200.0
200.0
200.0
200.0
200.0
200.0
200.0
200.0
200.0
200.0
200.0
200.0
200.0
200.0
200.0
200.0
200.0
200.0
200.0
200.0
200.0
200.0
200.0
200.0
200.0
200.0
200.0
200.0
200.0
200.0
200.0
200.0
200.0
200.0
200.0
200.0
200.0
200.0
200.0
200.0
200.0
200.0
200.0
200.0
200.0
200.0
200.0
200.0
200.0
200.0
200.0
200.0
200.0
200.0
200.0
200.0
200.0
200.0
200.0
200.0
200.0
200.0
200.0
200.0
200.0
200.0
200.0
200.0
200.0
200.0
200.0
200.0
200.0
200.0
200.0
200.0
200.0
200.0
200.0
200.0
200.0
200.0
200.0
200.0
200.0
200.0
200.0
200.0
200.0
200.0
200.0
200.0
200.0
200.0
200.0
200.0
200.0
200.0
200.0
200.0
200.0
200.0
200.0
200.0
200.0
200.0
200.0
200.0
200.0
200.0
200.0
200.0
200.0
200.0
200.0
200.0
200.0
200.0
200.0
200.0
200.0
200.0
200.0
200.0
200.0
200.0
200.0
200.0
200.0
200.0
200.0
200.0
200.0
200.0
200.0
200.0
200.0
200.0
200.0
200.0
200.0
200.0
200.0
200.0
